 2.92968      0.00496       -1.07          
 5.85936      0.00377       -1.78          
 8.78904      0.00299       -2.49          
 11.71872     0.00196       -3.19          
 14.6484      0.00075       -3.90          
 17.57808     0.00015       -4.60          
 20.50776     -0.00044      -5.31          
 23.43744     -0.00151      -6.02          
 26.36712     -0.00206      -6.74          
 29.2968      -0.00196      -7.45          
 32.22648     -0.0042       -8.17          
 35.15616     -0.00362      -8.90          
 38.08584     -0.00459      -9.63          
 41.01552     -0.0068       -10.36         
 43.9452      -0.00899      -11.10         
 46.87488     -0.01066      -11.83         
 49.80456     -0.0115       -12.57         
 52.73424     -0.01299      -13.31         
 55.66392     -0.01331      -14.05         
 58.5936      -0.0153       -14.79         
 61.52328     -0.01522      -15.53         
 64.45296     -0.01628      -16.26         
 67.38264     -0.01762      -17.01         
 70.31232     -0.01792      -17.76         
 73.242       -0.02064      -18.51         
 76.17168     -0.02456      -19.28         
 79.10136     -0.03011      -19.98         
 82.03104     -0.0262       -20.70         
 84.96072     -0.02469      -21.46         
 87.8904      -0.0249       -22.23         
 90.82008     -0.03101      -23.01         
 93.74976     -0.03247      -23.80         
 96.67944     -0.04415      -24.71         
 99.60912     -0.1376       -25.72         
 102.5388     -0.14939      -25.34         
 105.46848    -0.08814      -26.08         
 108.39816    -0.06242      -26.88         
 111.32784    -0.05696      -27.70         
 114.25752    -0.05479      -28.47         
 117.1872     -0.05204      -29.22         
 120.11688    -0.04946      -29.97         
 123.04656    -0.04743      -30.72         
 125.97624    -0.04408      -31.49         
 128.90592    -0.04195      -32.25         
 131.8356     -0.03965      -33.02         
 134.76528    -0.03876      -33.78         
 137.69496    -0.03665      -34.53         
 140.62464    -0.03522      -35.26         
 143.55432    -0.03402      -35.99         
 146.484      -0.03297      -36.71         
 149.41368    -0.03251      -37.44         
 152.34336    -0.03467      -38.18         
 155.27304    -0.03526      -38.92         
 158.20272    -0.03591      -39.66         
 161.1324     -0.03628      -40.40         
 164.06208    -0.03545      -41.14         
 166.99176    -0.03541      -41.89         
 169.92144    -0.0351       -42.63         
 172.85112    -0.03512      -43.38         
 175.7808     -0.03607      -44.12         
 178.71048    -0.03845      -44.88         
 181.64016    -0.03909      -45.62         
 184.56984    -0.04108      -46.34         
 187.49952    -0.04142      -47.07         
 190.4292     -0.04076      -47.79         
 193.35888    -0.0402       -48.52         
 196.28856    -0.04065      -49.26         
 199.21824    -0.04072      -50.00         
 202.14792    -0.0418       -50.73         
 205.0776     -0.0448       -51.47         
 208.00728    -0.04863      -52.23         
 210.93696    -0.05503      -52.98         
 213.86664    -0.05977      -53.72         
 216.79632    -0.06245      -54.47         
 219.726      -0.06485      -55.22         
 222.65568    -0.06455      -55.99         
 225.58536    -0.06599      -56.77         
 228.51504    -0.06818      -57.55         
 231.44472    -0.07113      -58.34         
 234.3744     -0.07748      -59.12         
 237.30408    -0.08435      -59.87         
 240.23376    -0.08996      -60.60         
 243.16344    -0.09309      -61.32         
 246.09312    -0.09207      -62.03         
 249.0228     -0.09094      -62.76         
 251.95248    -0.09046      -63.51         
 254.88216    -0.08933      -64.27         
 257.81184    -0.08997      -65.05         
 260.74152    -0.09534      -65.85         
 263.6712     -0.10459      -66.66         
 266.60088    -0.1151       -67.46         
 269.53056    -0.12404      -68.26         
 272.46024    -0.13485      -69.09         
 275.38992    -0.14828      -69.91         
 278.3196     -0.16528      -70.72         
 281.24928    -0.18645      -71.49         
 284.17896    -0.20676      -72.22         
 287.10864    -0.22159      -72.95         
 290.03832    -0.24205      -73.67         
 292.968      -0.26276      -74.35         
 295.89768    -0.28641      -75.01         
 298.82736    -0.31089      -75.59         
 301.75704    -0.32594      -76.05         
 304.68672    -0.32284      -76.47         
 307.6164     -0.29441      -76.91         
 310.54608    -0.25157      -77.47         
 313.47576    -0.21494      -78.16         
 316.40544    -0.18365      -78.88         
 319.33512    -0.15915      -79.64         
 322.2648     -0.14377      -80.41         
 325.19448    -0.13056      -81.16         
 328.12416    -0.11696      -81.94         
 331.05384    -0.10866      -82.76         
 333.98352    -0.10763      -83.59         
 336.9132     -0.11141      -84.42         
 339.84288    -0.11939      -85.23         
 342.77256    -0.13043      -86.03         
 345.70224    -0.13979      -86.79         
 348.63192    -0.14245      -87.52         
 351.5616     -0.13861      -88.27         
 354.49128    -0.1307       -89.06         
 357.42096    -0.12428      -89.87         
 360.35064    -0.12084      -90.70         
 363.28032    -0.12058      -91.53         
 366.21       -0.12178      -92.36         
 369.13968    -0.1234       -93.19         
 372.06936    -0.12971      -94.00         
 374.99904    -0.13255      -94.76         
 377.92872    -0.1298       -95.56         
 380.8584     -0.12777      -96.38         
 383.78808    -0.12963      -97.23         
 386.71776    -0.13209      -98.10         
 389.64744    -0.13816      -99.00         
 392.57712    -0.14712      -99.94         
 395.5068     -0.16115      -100.97        
 398.43648    -0.18908      -102.11        
 401.36616    -0.24825      -103.44        
 404.29584    -0.40067      -105.08        
 407.22552    -0.89401      -106.07        
 410.1552     -1.03085      -101.00        
 413.08488    -0.47357      -101.29        
 416.01456    -0.30517      -102.92        
 418.94424    -0.24577      -104.24        
 421.87392    -0.21589      -105.34        
 424.8036     -0.19897      -106.36        
 427.73328    -0.18364      -107.31        
 430.66296    -0.17242      -108.21        
 433.59264    -0.16283      -109.09        
 436.52232    -0.15526      -109.95        
 439.452      -0.14705      -110.82        
 442.38168    -0.14167      -111.69        
 445.31136    -0.14064      -112.56        
 448.24104    -0.14217      -113.43        
 451.17072    -0.14605      -114.30        
 454.1004     -0.15242      -115.17        
 457.03008    -0.16467      -116.03        
 459.95976    -0.1775       -116.87        
 462.88944    -0.19143      -117.69        
 465.81912    -0.20453      -118.51        
 468.7488     -0.21912      -119.32        
 471.67848    -0.232        -120.12        
 474.60816    -0.24378      -120.94        
 477.53784    -0.25958      -121.78        
 480.46752    -0.27881      -122.62        
 483.3972     -0.30583      -123.47        
 486.32688    -0.34064      -124.30        
 489.25656    -0.38266      -125.04        
 492.18624    -0.42379      -125.71        
 495.11592    -0.46188      -126.33        
 498.0456     -0.503        -126.92        
 500.97528    -0.54953      -127.46        
 503.90496    -0.60085      -127.86        
 506.83464    -0.62766      -128.08        
 509.76432    -0.62112      -128.28        
 512.694      -0.58819      -128.56        
 515.62368    -0.53449      -128.96        
 518.55336    -0.47231      -129.59        
 521.48304    -0.41788      -130.36        
 524.41272    -0.37854      -131.22        
 527.3424     -0.34708      -132.10        
 530.27208    -0.32313      -133.00        
 533.20176    -0.30544      -133.89        
 536.13144    -0.29214      -134.78        
 539.06112    -0.28355      -135.66        
 541.9908     -0.27984      -136.53        
 544.92048    -0.27599      -137.35        
 547.85016    -0.26913      -138.16        
 550.77984    -0.26046      -138.96        
 553.70952    -0.25223      -139.76        
 556.6392     -0.24189      -140.56        
 559.56888    -0.23124      -141.38        
 562.49856    -0.22279      -142.20        
 565.42824    -0.21681      -143.03        
 568.35792    -0.21197      -143.86        
 571.2876     -0.20691      -144.72        
 574.21728    -0.2023       -145.56        
 577.14696    -0.20029      -146.43        
 580.07664    -0.20042      -147.30        
 583.00632    -0.20211      -148.15        
 585.936      -0.2037       -149.00        
 588.86568    -0.2084       -149.81        
 591.79536    -0.21301      -150.61        
 594.72504    -0.21347      -151.39        
 597.65472    -0.20867      -152.17        
 600.5844     -0.19998      -152.96        
 603.51408    -0.19058      -153.77        
 606.44376    -0.18192      -154.58        
 609.37344    -0.17163      -155.40        
 612.30312    -0.16324      -156.25        
 615.2328     -0.15741      -157.10        
 618.16248    -0.15304      -157.95        
 621.09216    -0.14917      -158.81        
 624.02184    -0.14774      -159.67        
 626.95152    -0.14718      -160.53        
 629.8812     -0.14932      -161.42        
 632.81088    -0.15431      -162.30        
 635.74056    -0.16045      -163.20        
 638.67024    -0.1675       -164.09        
 641.59992    -0.17543      -164.99        
 644.5296     -0.18401      -165.89        
 647.45928    -0.19199      -166.79        
 650.38896    -0.20133      -167.70        
 653.31864    -0.21308      -168.60        
 656.24832    -0.22484      -169.50        
 659.178      -0.23821      -170.41        
 662.10768    -0.25259      -171.31        
 665.03736    -0.26734      -172.20        
 667.96704    -0.28588      -173.10        
 670.89672    -0.3061       -173.97        
 673.8264     -0.3277       -174.84        
 676.75608    -0.35068      -175.70        
 679.68576    -0.37456      -176.55        
 682.61544    -0.39912      -177.38        
 685.54512    -0.42523      -178.22        
 688.4748     -0.45108      -179.07        
 691.40448    -0.48083      -179.95        
 694.33416    -0.51825      179.18         
 697.26384    -0.56954      178.35         
 700.19352    -0.62419      177.59         
 703.1232     -0.68486      176.91         
 706.05288    -0.74937      176.36         
 708.98256    -0.79995      175.95         
 711.91224    -0.82802      175.59         
 714.84192    -0.83519      175.25         
 717.7716     -0.82381      174.83         
 720.70128    -0.80077      174.35         
 723.63096    -0.77013      173.77         
 726.56064    -0.74808      173.10         
 729.49032    -0.73134      172.45         
 732.42       -0.70983      171.84         
 735.34968    -0.67591      171.21         
 738.27936    -0.63505      170.47         
 741.20904    -0.60164      169.66         
 744.13872    -0.57853      168.82         
 747.0684     -0.55608      167.96         
 749.99808    -0.53949      167.08         
 752.92776    -0.52621      166.21         
 755.85744    -0.51785      165.31         
 758.78712    -0.51349      164.43         
 761.7168     -0.51003      163.56         
 764.64648    -0.50729      162.71         
 767.57616    -0.50284      161.87         
 770.50584    -0.49538      161.03         
 773.43552    -0.48564      160.19         
 776.3652     -0.47293      159.34         
 779.29488    -0.45708      158.45         
 782.22456    -0.44451      157.51         
 785.15424    -0.43499      156.53         
 788.08392    -0.43398      155.54         
 791.0136     -0.44133      154.57         
 793.94328    -0.44984      153.65         
 796.87296    -0.45675      152.76         
 799.80264    -0.46166      151.87         
 802.73232    -0.4653       150.98         
 805.662      -0.46305      150.11         
 808.59168    -0.45937      149.18         
 811.52136    -0.45738      148.22         
 814.45104    -0.46088      147.26         
 817.38072    -0.46503      146.31         
 820.3104     -0.47137      145.36         
 823.24008    -0.4791       144.42         
 826.16976    -0.48636      143.48         
 829.09944    -0.49245      142.55         
 832.02912    -0.49887      141.61         
 834.9588     -0.50412      140.66         
 837.88848    -0.51037      139.69         
 840.81816    -0.51809      138.73         
 843.74784    -0.52634      137.77         
 846.67752    -0.53558      136.78         
 849.6072     -0.54458      135.79         
 852.53688    -0.5562       134.80         
 855.46656    -0.56741      133.81         
 858.39624    -0.57633      132.83         
 861.32592    -0.58384      131.81         
 864.2556     -0.59316      130.78         
 867.18528    -0.60457      129.73         
 870.11496    -0.61788      128.65         
 873.04464    -0.63365      127.54         
 875.97432    -0.65363      126.41         
 878.904      -0.68226      125.25         
 881.83368    -0.72186      124.09         
 884.76336    -0.76871      122.98         
 887.69304    -0.81571      121.89         
 890.62272    -0.86726      120.82         
 893.5524     -0.92144      119.76         
 896.48208    -0.97561      118.71         
 899.41176    -1.03358      117.63         
 902.34144    -1.10113      116.52         
 905.27112    -1.18251      115.42         
 908.2008     -1.27739      114.34         
 911.13048    -1.3895       113.34         
 914.06016    -1.51228      112.51         
 916.98984    -1.63041      111.79         
 919.91952    -1.75043      111.16         
 922.8492     -1.87199      110.68         
 925.77888    -1.98398      110.37         
 928.70856    -2.08026      110.20         
 931.63824    -2.15422      110.13         
 934.56792    -2.20514      110.16         
 937.4976     -2.23021      110.25         
 940.42728    -2.21515      110.35         
 943.35696    -2.1681       110.28         
 946.28664    -2.10873      110.05         
 949.21632    -2.04593      109.69         
 952.146      -1.97348      109.23         
 955.07568    -1.89559      108.61         
 958.00536    -1.82767      107.88         
 960.93504    -1.76712      107.07         
 963.86472    -1.70988      106.23         
 966.7944     -1.65212      105.33         
 969.72408    -1.59934      104.36         
 972.65376    -1.55095      103.33         
 975.58344    -1.50511      102.26         
 978.51312    -1.46386      101.14         
 981.4428     -1.42686      99.94          
 984.37248    -1.40527      98.71          
 987.30216    -1.39102      97.47          
 990.23184    -1.38448      96.20          
 993.16152    -1.39155      94.93          
 996.0912     -1.40831      93.73          
 999.02088    -1.42634      92.57          
 1001.95056   -1.44582      91.47          
 1004.88024   -1.46731      90.36          
 1007.80992   -1.49068      89.28          
 1010.7396    -1.5158       88.25          
 1013.66928   -1.53617      87.24          
 1016.59896   -1.55042      86.23          
 1019.52864   -1.56263      85.21          
 1022.45832   -1.57255      84.16          
 1025.388     -1.5783       83.11          
 1028.31768   -1.57903      82.05          
 1031.24736   -1.56989      80.92          
 1034.17704   -1.55975      79.68          
 1037.10672   -1.55646      78.34          
 1040.0364    -1.5653       76.93          
 1042.96608   -1.58632      75.51          
 1045.89576   -1.61842      74.14          
 1048.82544   -1.64662      72.80          
 1051.75512   -1.67592      71.43          
 1054.6848    -1.71011      70.02          
 1057.61448   -1.74859      68.62          
 1060.54416   -1.79602      67.17          
 1063.47384   -1.85156      65.75          
 1066.40352   -1.9177       64.31          
 1069.3332    -1.99842      62.92          
 1072.26288   -2.09186      61.60          
 1075.19256   -2.19248      60.38          
 1078.12224   -2.29102      59.29          
 1081.05192   -2.38013      58.30          
 1083.9816    -2.4548       57.33          
 1086.91128   -2.51818      56.35          
 1089.84096   -2.57829      55.33          
 1092.77064   -2.63055      54.32          
 1095.70032   -2.67325      53.35          
 1098.63      -2.69882      52.31          
 1101.55968   -2.71221      51.17          
 1104.48936   -2.72372      49.88          
 1107.41904   -2.73985      48.49          
 1110.34872   -2.76292      46.98          
 1113.2784    -2.80032      45.37          
 1116.20808   -2.85645      43.76          
 1119.13776   -2.92091      42.12          
 1122.06744   -2.99946      40.53          
 1124.99712   -3.07773      38.97          
 1127.9268    -3.15481      37.41          
 1130.85648   -3.23888      35.79          
 1133.78616   -3.32876      34.21          
 1136.71584   -3.41987      32.60          
 1139.64552   -3.50785      30.94          
 1142.5752    -3.61096      29.16          
 1145.50488   -3.73936      27.35          
 1148.43456   -3.88537      25.61          
 1151.36424   -4.03829      24.03          
 1154.29392   -4.18734      22.51          
 1157.2236    -4.32564      21.00          
 1160.15328   -4.46134      19.52          
 1163.08296   -4.59412      18.02          
 1166.01264   -4.72631      16.57          
 1168.94232   -4.83975      15.19          
 1171.872     -4.92257      13.76          
 1174.80168   -4.98115      12.17          
 1177.73136   -5.03246      10.40          
 1180.66104   -5.07785      8.41           
 1183.59072   -5.13256      6.29           
 1186.5204    -5.18315      4.06           
 1189.45008   -5.23546      1.66           
 1192.37976   -5.27743      -0.84          
 1195.30944   -5.30602      -3.56          
 1198.23912   -5.32642      -6.56          
 1201.1688    -5.34371      -9.90          
 1204.09848   -5.37472      -13.56         
 1207.02816   -5.42158      -17.50         
 1209.95784   -5.47454      -21.72         
 1212.88752   -5.5429       -26.24         
 1215.8172    -5.62272      -31.03         
 1218.74688   -5.70975      -36.09         
 1221.67656   -5.79625      -41.40         
 1224.60624   -5.86884      -47.00         
 1227.53592   -5.92303      -53.00         
 1230.4656    -5.9629       -59.35         
 1233.39528   -5.97566      -66.02         
 1236.32496   -5.94341      -73.09         
 1239.25464   -5.87018      -80.63         
 1242.18432   -5.76301      -88.66         
 1245.114     -5.62459      -97.08         
 1248.04368   -5.46849      -105.82        
 1250.97336   -5.29268      -114.70        
 1253.90304   -5.09375      -123.59        
 1256.83272   -4.8629       -132.39        
 1259.7624    -4.59966      -141.08        
 1262.69208   -4.30681      -149.65        
 1265.62176   -4.00109      -158.09        
 1268.55144   -3.69325      -166.37        
 1271.48112   -3.39568      -174.38        
 1274.4108    -3.11211      177.85         
 1277.34048   -2.84736      170.35         
 1280.27016   -2.60856      163.15         
 1283.19984   -2.39531      156.23         
 1286.12952   -2.21171      149.61         
 1289.0592    -2.06005      143.28         
 1291.98888   -1.93795      137.28         
 1294.91856   -1.84579      131.56         
 1297.84824   -1.77976      126.17         
 1300.77792   -1.73834      121.06         
 1303.7076    -1.71812      116.26         
 1306.63728   -1.71203      111.77         
 1309.56696   -1.71546      107.55         
 1312.49664   -1.72953      103.54         
 1315.42632   -1.75658      99.76          
 1318.356     -1.79441      96.20          
 1321.28568   -1.84266      92.87          
 1324.21536   -1.89516      89.77          
 1327.14504   -1.94605      86.86          
 1330.07472   -1.99549      84.09          
 1333.0044    -2.04549      81.48          
 1335.93408   -2.09152      79.01          
 1338.86376   -2.13698      76.63          
 1341.79344   -2.182        74.39          
 1344.72312   -2.22194      72.21          
 1347.6528    -2.26231      70.11          
 1350.58248   -2.30953      68.10          
 1353.51216   -2.35634      66.25          
 1356.44184   -2.38956      64.49          
 1359.37152   -2.41299      62.77          
 1362.3012    -2.43429      61.05          
 1365.23088   -2.45791      59.37          
 1368.16056   -2.47895      57.76          
 1371.09024   -2.49648      56.20          
 1374.01992   -2.51401      54.66          
 1376.9496    -2.52948      53.16          
 1379.87928   -2.54598      51.72          
 1382.80896   -2.55908      50.32          
 1385.73864   -2.5682       48.95          
 1388.66832   -2.57404      47.62          
 1391.598     -2.56883      46.31          
 1394.52768   -2.55288      44.98          
 1397.45736   -2.53465      43.56          
 1400.38704   -2.5255       42.11          
 1403.31672   -2.51687      40.68          
 1406.2464    -2.50686      39.27          
 1409.17608   -2.49413      37.82          
 1412.10576   -2.48075      36.33          
 1415.03544   -2.47627      34.82          
 1417.96512   -2.47422      33.31          
 1420.8948    -2.4801       31.80          
 1423.82448   -2.48375      30.33          
 1426.75416   -2.48429      28.85          
 1429.68384   -2.48082      27.33          
 1432.61352   -2.48473      25.76          
 1435.5432    -2.50053      24.16          
 1438.47288   -2.52674      22.59          
 1441.40256   -2.5579       21.03          
 1444.33224   -2.59355      19.43          
 1447.26192   -2.64522      17.79          
 1450.1916    -2.72035      16.20          
 1453.12128   -2.81208      14.71          
 1456.05096   -2.90492      13.35          
 1458.98064   -2.99602      12.06          
 1461.91032   -3.08613      10.80          
 1464.84      -3.17818      9.61           
 1467.76968   -3.26969      8.48           
 1470.69936   -3.35781      7.44           
 1473.62904   -3.43594      6.40           
 1476.55872   -3.51098      5.41           
 1479.4884    -3.58164      4.45           
 1482.41808   -3.64254      3.50           
 1485.34776   -3.75081      2.23           
 1488.27744   -3.81334      1.32           
 1491.20712   -3.87172      0.44           
 1494.1368    -3.92528      -0.46          
 1497.06648   -3.98147      -1.33          
 1499.99616   -4.03843      -2.17          
 1502.92584   -4.09261      -2.97          
 1505.85552   -4.13718      -3.72          
 1508.7852    -4.17117      -4.47          
 1511.71488   -4.19473      -5.24          
 1514.64456   -4.20654      -6.10          
 1517.57424   -4.22935      -7.12          
 1520.50392   -4.27262      -8.19          
 1523.4336    -4.34091      -9.21          
 1526.36328   -4.42232      -10.04         
 1529.29296   -4.48933      -10.73         
 1532.22264   -4.54382      -11.37         
 1535.15232   -4.58816      -12.03         
 1538.082     -4.63193      -12.73         
 1541.01168   -4.68159      -13.41         
 1543.94136   -4.73212      -13.99         
 1546.87104   -4.77354      -14.47         
 1549.80072   -4.79988      -14.87         
 1552.7304    -4.80891      -15.25         
 1555.66008   -4.79252      -15.59         
 1558.58976   -4.74737      -16.01         
 1561.51944   -4.68472      -16.62         
 1564.44912   -4.62603      -17.39         
 1567.3788    -4.58061      -18.22         
 1570.30848   -4.5329       -19.00         
 1573.23816   -4.4769       -19.81         
 1576.16784   -4.4057       -20.68         
 1579.09752   -4.32261      -21.68         
 1582.0272    -4.24032      -22.87         
 1584.95688   -4.17319      -24.20         
 1587.88656   -4.12197      -25.61         
 1590.81624   -4.08782      -27.08         
 1593.74592   -4.07195      -28.58         
 1596.6756    -4.0781       -30.03         
 1599.60528   -4.08953      -31.40         
 1602.53496   -4.09712      -32.70         
 1605.46464   -4.10156      -34.00         
 1608.39432   -4.10991      -35.32         
 1611.324     -4.1175       -36.62         
 1614.25368   -4.11723      -37.91         
 1617.18336   -4.11185      -39.28         
 1620.11304   -4.11171      -40.73         
 1623.04272   -4.12164      -42.21         
 1625.9724    -4.13859      -43.71         
 1628.90208   -4.16192      -45.19         
 1631.83176   -4.19032      -46.66         
 1634.76144   -4.21913      -48.09         
 1637.69112   -4.24603      -49.51         
 1640.6208    -4.26475      -50.96         
 1643.55048   -4.28552      -52.49         
 1646.48016   -4.31633      -54.08         
 1649.40984   -4.35442      -55.67         
 1652.33952   -4.3998       -57.31         
 1655.2692    -4.45922      -58.99         
 1658.19888   -4.53406      -60.60         
 1661.12856   -4.61608      -62.12         
 1664.05824   -4.69267      -63.58         
 1666.98792   -4.76566      -65.01         
 1669.9176    -4.83854      -66.46         
 1672.84728   -4.91187      -67.86         
 1675.77696   -4.97991      -69.21         
 1678.70664   -5.03623      -70.62         
 1681.63632   -5.09305      -72.08         
 1684.566     -5.15529      -73.57         
 1687.49568   -5.22495      -75.10         
 1690.42536   -5.30516      -76.54         
 1693.35504   -5.37524      -77.91         
 1696.28472   -5.43333      -79.27         
 1699.2144    -5.47888      -80.67         
 1702.14408   -5.51624      -82.17         
 1705.07376   -5.55845      -83.79         
 1708.00344   -5.61266      -85.48         
 1710.93312   -5.67884      -87.16         
 1713.8628    -5.75442      -88.83         
 1716.79248   -5.835        -90.44         
 1719.72216   -5.9127       -91.99         
 1722.65184   -5.97963      -93.49         
 1725.58152   -6.03196      -95.04         
 1728.5112    -6.08066      -96.64         
 1731.44088   -6.12487      -98.30         
 1734.37056   -6.16578      -100.02        
 1737.30024   -6.21009      -101.79        
 1740.22992   -6.25651      -103.59        
 1743.1596    -6.30726      -105.44        
 1746.08928   -6.36395      -107.28        
 1749.01896   -6.41841      -109.07        
 1751.94864   -6.45981      -110.85        
 1754.87832   -6.49144      -112.66        
 1757.808     -6.51155      -114.53        
 1760.73768   -6.51886      -116.48        
 1763.66736   -6.52388      -118.55        
 1766.59704   -6.5318       -120.73        
 1769.52672   -6.54501      -122.96        
 1772.4564    -6.55284      -125.24        
 1775.38608   -6.56717      -127.60        
 1778.31576   -6.58793      -129.95        
 1781.24544   -6.59742      -132.24        
 1784.17512   -6.58318      -134.57        
 1787.1048    -6.55113      -137.03        
 1790.03448   -6.50864      -139.66        
 1792.96416   -6.46454      -142.45        
 1795.89384   -6.42842      -145.32        
 1798.82352   -6.38433      -148.23        
 1801.7532    -6.3312       -151.21        
 1804.68288   -6.26968      -154.29        
 1807.61256   -6.20221      -157.47        
 1810.54224   -6.12313      -160.76        
 1813.47192   -6.03965      -164.22        
 1816.4016    -5.96314      -167.86        
 1819.33128   -5.90416      -171.59        
 1822.26096   -5.85767      -175.29        
 1825.19064   -5.80491      -178.99        
 1828.12032   -5.7486       177.30         
 1831.05      -5.69014      173.55         
 1833.97968   -5.62865      169.82         
 1836.90936   -5.55493      166.11         
 1839.83904   -5.46288      162.37         
 1842.76872   -5.35907      158.54         
 1845.6984    -5.25321      154.63         
 1848.62808   -5.14965      150.67         
 1851.55776   -5.04666      146.74         
 1854.48744   -4.93549      142.82         
 1857.41712   -4.82891      138.89         
 1860.3468    -4.72002      135.05         
 1863.27648   -4.6021       131.29         
 1866.20616   -4.46988      127.55         
 1869.13584   -4.32495      123.80         
 1872.06552   -4.174        119.99         
 1874.9952    -4.02754      116.17         
 1877.92488   -3.88321      112.38         
 1880.85456   -3.73823      108.61         
 1883.78424   -3.59425      104.88         
 1886.71392   -3.45103      101.22         
 1889.6436    -3.30274      97.58          
 1892.57328   -3.15577      93.96          
 1895.50296   -3.00786      90.37          
 1898.43264   -2.8588       86.82          
 1901.36232   -2.70942      83.28          
 1904.292     -2.56265      79.78          
 1907.22168   -2.41897      76.30          
 1910.15136   -2.2804       72.86          
 1913.08104   -2.14322      69.47          
 1916.01072   -2.00808      66.11          
 1918.9404    -1.87453      62.77          
 1921.87008   -1.74453      59.44          
 1924.79976   -1.62245      56.12          
 1927.72944   -1.50449      52.84          
 1930.65912   -1.39088      49.57          
 1933.5888    -1.28574      46.34          
 1936.51848   -1.18478      43.15          
 1939.44816   -1.08982      39.99          
 1942.37784   -1.00031      36.89          
 1945.30752   -0.91638      33.82          
 1948.2372    -0.83902      30.79          
 1951.16688   -0.76933      27.81          
 1954.09656   -0.70611      24.89          
 1957.02624   -0.64562      22.01          
 1959.95592   -0.59319      19.17          
 1962.8856    -0.54578      16.37          
 1965.81528   -0.50375      13.64          
 1968.74496   -0.46884      10.93          
 1971.67464   -0.43797      8.28           
 1974.60432   -0.41238      5.67           
 1977.534     -0.39006      3.11           
 1980.46368   -0.37182      0.60           
 1983.39336   -0.35714      -1.87          
 1986.32304   -0.34575      -4.29          
 1989.25272   -0.33675      -6.67          
 1992.1824    -0.33204      -9.01          
 1995.11208   -0.32833      -11.32         
 1998.04176   -0.32754      -13.57         
 2000.97144   -0.32765      -15.78         
 2003.90112   -0.33017      -17.96         
 2006.8308    -0.33619      -20.10         
 2009.76048   -0.34158      -22.21         
 2012.69016   -0.34928      -24.28         
 2015.61984   -0.35906      -26.33         
 2018.54952   -0.37104      -28.35         
 2021.4792    -0.38347      -30.32         
 2024.40888   -0.398        -32.28         
 2027.33856   -0.41284      -34.19         
 2030.26824   -0.43016      -36.09         
 2033.19792   -0.44785      -37.96         
 2036.1276    -0.46724      -39.81         
 2039.05728   -0.48803      -41.63         
 2041.98696   -0.50748      -43.42         
 2044.91664   -0.52919      -45.19         
 2047.84632   -0.55039      -46.93         
 2050.776     -0.57258      -48.65         
 2053.70568   -0.59438      -50.36         
 2056.63536   -0.61643      -52.04         
 2059.56504   -0.6376       -53.69         
 2062.49472   -0.65994      -55.33         
 2065.4244    -0.68436      -56.95         
 2068.35408   -0.70929      -58.54         
 2071.28376   -0.73196      -60.12         
 2074.21344   -0.75442      -61.68         
 2077.14312   -0.77474      -63.24         
 2080.0728    -0.79796      -64.80         
 2083.00248   -0.82         -66.35         
 2085.93216   -0.84646      -67.88         
 2088.86184   -0.87552      -69.39         
 2091.79152   -0.90307      -70.88         
 2094.7212    -0.93179      -72.34         
 2097.65088   -0.95737      -73.78         
 2100.58056   -0.9834       -75.22         
 2103.51024   -1.00905      -76.67         
 2106.43992   -1.03677      -78.09         
 2109.3696    -1.06696      -79.51         
 2112.29928   -1.09777      -80.91         
 2115.22896   -1.12929      -82.29         
 2118.15864   -1.16018      -83.64         
 2121.08832   -1.19137      -84.99         
 2124.018     -1.22113      -86.33         
 2126.94768   -1.24999      -87.65         
 2129.87736   -1.28066      -88.95         
 2132.80704   -1.30945      -90.24         
 2135.73672   -1.33746      -91.52         
 2138.6664    -1.36557      -92.77         
 2141.59608   -1.3885       -94.01         
 2144.52576   -1.40664      -95.26         
 2147.45544   -1.4264       -96.54         
 2150.38512   -1.44799      -97.81         
 2153.3148    -1.47322      -99.07         
 2156.24448   -1.4947       -100.31        
 2159.17416   -1.51672      -101.53        
 2162.10384   -1.53419      -102.76        
 2165.03352   -1.54927      -103.99        
 2167.9632    -1.56378      -105.23        
 2170.89288   -1.57742      -106.48        
 2173.82256   -1.59338      -107.74        
 2176.75224   -1.60798      -108.98        
 2179.68192   -1.62045      -110.24        
 2182.6116    -1.63456      -111.50        
 2185.54128   -1.64906      -112.78        
 2188.47096   -1.6649       -114.05        
 2191.40064   -1.6815       -115.32        
 2194.33032   -1.7006       -116.60        
 2197.26      -1.71758      -117.87        
 2200.18968   -1.73586      -119.15        
 2203.11936   -1.75423      -120.42        
 2206.04904   -1.77388      -121.70        
 2208.97872   -1.79244      -122.97        
 2211.9084    -1.81246      -124.27        
 2214.83808   -1.83559      -125.56        
 2217.76776   -1.86119      -126.85        
 2220.69744   -1.88844      -128.13        
 2223.62712   -1.91828      -129.39        
 2226.5568    -1.94668      -130.64        
 2229.48648   -1.97378      -131.90        
 2232.41616   -2.00091      -133.16        
 2235.34584   -2.0279       -134.40        
 2238.27552   -2.05456      -135.66        
 2241.2052    -2.08081      -136.90        
 2244.13488   -2.10818      -138.16        
 2247.06456   -2.13498      -139.41        
 2249.99424   -2.16182      -140.65        
 2252.92392   -2.18553      -141.88        
 2255.8536    -2.20947      -143.13        
 2258.78328   -2.23129      -144.39        
 2261.71296   -2.25311      -145.65        
 2264.64264   -2.2782       -146.91        
 2267.57232   -2.30219      -148.17        
 2270.502     -2.32526      -149.42        
 2273.43168   -2.3436       -150.68        
 2276.36136   -2.36281      -151.98        
 2279.29104   -2.38594      -153.28        
 2282.22072   -2.41039      -154.59        
 2285.1504    -2.4415       -155.90        
 2288.08008   -2.47171      -157.18        
 2291.00976   -2.5008       -158.45        
 2293.93944   -2.5299       -159.73        
 2296.86912   -2.55672      -161.00        
 2299.7988    -2.58093      -162.28        
 2302.72848   -2.605        -163.59        
 2305.65816   -2.62919      -164.91        
 2308.58784   -2.6541       -166.23        
 2311.51752   -2.6827       -167.56        
 2314.4472    -2.71416      -168.86        
 2317.37688   -2.74561      -170.16        
 2320.30656   -2.77697      -171.44        
 2323.23624   -2.81107      -172.72        
 2326.16592   -2.84226      -173.96        
 2329.0956    -2.87252      -175.21        
 2332.02528   -2.89774      -176.47        
 2334.95496   -2.92407      -177.75        
 2337.88464   -2.95164      -179.01        
 2340.81432   -2.97491      179.72         
 2343.744     -2.99747      178.45         
 2346.67368   -3.01638      177.18         
 2349.60336   -3.03097      175.88         
 2352.53304   -3.04748      174.55         
 2355.46272   -3.06409      173.18         
 2358.3924    -3.08167      171.81         
 2361.32208   -3.09977      170.43         
 2364.25176   -3.11916      169.03         
 2367.18144   -3.13791      167.63         
 2370.11112   -3.15598      166.22         
 2373.0408    -3.17157      164.78         
 2375.97048   -3.19002      163.29         
 2378.90016   -3.21328      161.80         
 2381.82984   -3.24138      160.32         
 2384.75952   -3.2702       158.84         
 2387.6892    -3.29745      157.37         
 2390.61888   -3.31958      155.89         
 2393.54856   -3.33851      154.38         
 2396.47824   -3.35642      152.81         
 2399.40792   -3.38538      151.21         
 2402.3376    -3.41557      149.63         
 2405.26728   -3.44631      148.04         
 2408.19696   -3.47491      146.46         
 2411.12664   -3.50146      144.85         
 2414.05632   -3.5267       143.22         
 2416.986     -3.55272      141.57         
 2419.91568   -3.57905      139.92         
 2422.84536   -3.60137      138.24         
 2425.77504   -3.62506      136.54         
 2428.70472   -3.64387      134.79         
 2431.6344    -3.66737      132.99         
 2434.56408   -3.69307      131.17         
 2437.49376   -3.72325      129.35         
 2440.42344   -3.75655      127.53         
 2443.35312   -3.79046      125.74         
 2446.2828    -3.81824      123.94         
 2449.21248   -3.84128      122.10         
 2452.14216   -3.86463      120.23         
 2455.07184   -3.88632      118.30         
 2458.00152   -3.91187      116.33         
 2460.9312    -3.93917      114.32         
 2463.86088   -3.97364      112.29         
 2466.79056   -4.01869      110.27         
 2469.72024   -4.06086      108.34         
 2472.64992   -4.09118      106.45         
 2475.5796    -4.11022      104.52         
 2478.50928   -4.12186      102.53         
 2481.43896   -4.13084      100.47         
 2484.36864   -4.13789      98.37          
 2487.29832   -4.1443       96.19          
 2490.228     -4.15837      93.95          
 2493.15768   -4.18204      91.74          
 2496.08736   -4.20547      89.59          
 2499.01704   -4.21667      87.47          
 2501.94672   -4.21229      85.32          
 2504.8764    -4.19625      83.08          
 2507.80608   -4.17904      80.73          
 2510.73576   -4.16501      78.30          
 2513.66544   -4.15309      75.84          
 2516.59512   -4.1435       73.35          
 2519.5248    -4.1308       70.85          
 2522.45448   -4.11694      68.28          
 2525.38416   -4.10427      65.72          
 2528.31384   -4.08823      63.13          
 2531.24352   -4.06232      60.49          
 2534.1732    -4.03664      57.78          
 2537.10288   -4.01518      55.00          
 2540.03256   -4.00239      52.19          
 2542.96224   -3.99226      49.43          
 2545.89192   -3.97574      46.69          
 2548.8216    -3.95249      43.95          
 2551.75128   -3.91796      41.16          
 2554.68096   -3.87958      38.33          
 2557.61064   -3.83958      35.46          
 2560.54032   -3.79567      32.54          
 2563.47      -3.75243      29.62          
 2566.39968   -3.70282      26.67          
 2569.32936   -3.64284      23.69          
 2572.25904   -3.5804       20.64          
 2575.18872   -3.51647      17.56          
 2578.1184    -3.45457      14.43          
 2581.04808   -3.39145      11.29          
 2583.97776   -3.32893      8.10           
 2586.90744   -3.26619      4.93           
 2589.83712   -3.2025       1.75           
 2592.7668    -3.13668      -1.46          
 2595.69648   -3.07199      -4.70          
 2598.62616   -3.006        -7.96          
 2601.55584   -2.9465       -11.21         
 2604.48552   -2.88861      -14.46         
 2607.4152    -2.82996      -17.69         
 2610.34488   -2.76975      -20.91         
 2613.27456   -2.7106       -24.14         
 2616.20424   -2.65364      -27.32         
 2619.13392   -2.59386      -30.49         
 2622.0636    -2.53461      -33.65         
 2624.99328   -2.47403      -36.80         
 2627.92296   -2.41877      -39.93         
 2630.85264   -2.35853      -43.03         
 2633.78232   -2.29977      -46.11         
 2636.712     -2.24157      -49.15         
 2639.64168   -2.18566      -52.19         
 2642.57136   -2.12813      -55.21         
 2645.50104   -2.0725       -58.22         
 2648.43072   -2.01841      -61.18         
 2651.3604    -1.96736      -64.13         
 2654.29008   -1.91841      -67.04         
 2657.21976   -1.86893      -69.91         
 2660.14944   -1.82013      -72.77         
 2663.07912   -1.77358      -75.60         
 2666.0088    -1.72539      -78.41         
 2668.93848   -1.68266      -81.21         
 2671.86816   -1.63778      -83.97         
 2674.79784   -1.59839      -86.70         
 2677.72752   -1.56168      -89.41         
 2680.6572    -1.52731      -92.08         
 2683.58688   -1.49309      -94.73         
 2686.51656   -1.46245      -97.35         
 2689.44624   -1.43267      -99.93         
 2692.37592   -1.40663      -102.48        
 2695.3056    -1.38082      -105.00        
 2698.23528   -1.35902      -107.50        
 2701.16496   -1.33806      -109.96        
 2704.09464   -1.32024      -112.39        
 2707.02432   -1.30319      -114.78        
 2709.954     -1.288        -117.15        
 2712.88368   -1.27294      -119.48        
 2715.81336   -1.26091      -121.78        
 2718.74304   -1.25046      -124.07        
 2721.67272   -1.2409       -126.31        
 2724.6024    -1.23118      -128.54        
 2727.53208   -1.22423      -130.73        
 2730.46176   -1.21903      -132.89        
 2733.39144   -1.21351      -135.02        
 2736.32112   -1.21034      -137.12        
 2739.2508    -1.20799      -139.19        
 2742.18048   -1.20713      -141.23        
 2745.11016   -1.20514      -143.24        
 2748.03984   -1.20406      -145.22        
 2750.96952   -1.20527      -147.17        
 2753.8992    -1.20548      -149.11        
 2756.82888   -1.20536      -151.01        
 2759.75856   -1.20574      -152.89        
 2762.68824   -1.20507      -154.74        
 2765.61792   -1.20656      -156.57        
 2768.5476    -1.20607      -158.37        
 2771.47728   -1.20902      -160.15        
 2774.40696   -1.21042      -161.90        
 2777.33664   -1.21278      -163.64        
 2780.26632   -1.21371      -165.37        
 2783.196     -1.21639      -167.07        
 2786.12568   -1.219        -168.75        
 2789.05536   -1.22234      -170.41        
 2791.98504   -1.22561      -172.06        
 2794.91472   -1.2282       -173.70        
 2797.8444    -1.23173      -175.31        
 2800.77408   -1.2369       -176.91        
 2803.70376   -1.2398       -178.49        
 2806.63344   -1.24483      179.95         
 2809.56312   -1.2487       178.41         
 2812.4928    -1.25216      176.87         
 2815.42248   -1.25888      175.36         
 2818.35216   -1.26501      173.86         
 2821.28184   -1.27035      172.38         
 2824.21152   -1.27585      170.91         
 2827.1412    -1.28128      169.45         
 2830.07088   -1.28748      168.00         
 2833.00056   -1.29429      166.56         
 2835.93024   -1.30096      165.12         
 2838.85992   -1.3096       163.70         
 2841.7896    -1.31469      162.28         
 2844.71928   -1.3223       160.89         
 2847.64896   -1.32812      159.48         
 2850.57864   -1.33407      158.09         
 2853.50832   -1.3394       156.70         
 2856.438     -1.34454      155.34         
 2859.36768   -1.34859      153.99         
 2862.29736   -1.35207      152.63         
 2865.22704   -1.35714      151.30         
 2868.15672   -1.36199      149.95         
 2871.0864    -1.36722      148.62         
 2874.01608   -1.37153      147.32         
 2876.94576   -1.37613      146.01         
 2879.87544   -1.38019      144.71         
 2882.80512   -1.38437      143.42         
 2885.7348    -1.38933      142.14         
 2888.66448   -1.3923       140.88         
 2891.59416   -1.39729      139.62         
 2894.52384   -1.40066      138.35         
 2897.45352   -1.40439      137.10         
 2900.3832    -1.40794      135.86         
 2903.31288   -1.41122      134.61         
 2906.24256   -1.41292      133.39         
 2909.17224   -1.41496      132.16         
 2912.10192   -1.4187       130.92         
 2915.0316    -1.4201       129.67         
 2917.96128   -1.42481      128.45         
 2920.89096   -1.42539      127.24         
 2923.82064   -1.42728      126.02         
 2926.75032   -1.43037      124.81         
 2929.68      -1.4297       123.63         
 2932.60968   -1.43158      122.43         
 2935.53936   -1.43205      121.24         
 2938.46904   -1.43487      120.08         
 2941.39872   -1.43414      118.92         
 2944.3284    -1.43338      117.76         
 2947.25808   -1.43327      116.60         
 2950.18776   -1.43048      115.46         
 2953.11744   -1.42876      114.29         
 2956.04712   -1.42602      113.14         
 2958.9768    -1.42367      111.98         
 2961.90648   -1.42317      110.82         
 2964.83616   -1.42286      109.68         
 2967.76584   -1.42235      108.53         
 2970.69552   -1.42197      107.39         
 2973.6252    -1.41876      106.25         
 2976.55488   -1.415        105.10         
 2979.48456   -1.41518      103.93         
 2982.41424   -1.41308      102.79         
 2985.34392   -1.41145      101.63         
 2988.2736    -1.41204      100.47         
 2991.20328   -1.40954      99.34          
 2994.13296   -1.40915      98.21          
 2997.06264   -1.40937      97.07          
 2999.99232   -1.40941      95.94          
 3002.922     -1.40808      94.82          
 3005.85168   -1.40638      93.68          
 3008.78136   -1.40575      92.55          
 3011.71104   -1.40551      91.43          
 3014.64072   -1.40769      90.32          
 3017.5704    -1.40892      89.22          
 3020.50008   -1.40908      88.12          
 3023.42976   -1.40892      87.02          
 3026.35944   -1.40842      85.92          
 3029.28912   -1.40769      84.80          
 3032.2188    -1.40684      83.69          
 3035.14848   -1.40685      82.56          
 3038.07816   -1.40972      81.46          
 3041.00784   -1.4056       80.34          
 3043.93752   -1.40673      79.22          
 3046.8672    -1.40489      78.10          
 3049.79688   -1.4034       76.99          
 3052.72656   -1.4015       75.88          
 3055.65624   -1.40233      74.76          
 3058.58592   -1.39848      73.64          
 3061.5156    -1.39694      72.51          
 3064.44528   -1.39334      71.38          
 3067.37496   -1.39174      70.25          
 3070.30464   -1.3901       69.13          
 3073.23432   -1.38899      67.99          
 3076.164     -1.38819      66.87          
 3079.09368   -1.38668      65.74          
 3082.02336   -1.38603      64.60          
 3084.95304   -1.38469      63.48          
 3087.88272   -1.38481      62.35          
 3090.8124    -1.38487      61.22          
 3093.74208   -1.38399      60.09          
 3096.67176   -1.38175      58.97          
 3099.60144   -1.37837      57.84          
 3102.53112   -1.3734       56.71          
 3105.4608    -1.36789      55.56          
 3108.39048   -1.36235      54.41          
 3111.32016   -1.35722      53.26          
 3114.24984   -1.35093      52.09          
 3117.17952   -1.34625      50.92          
 3120.1092    -1.34079      49.74          
 3123.03888   -1.33751      48.56          
 3125.96856   -1.33352      47.38          
 3128.89824   -1.33141      46.20          
 3131.82792   -1.32751      45.01          
 3134.7576    -1.32428      43.83          
 3137.68728   -1.32149      42.63          
 3140.61696   -1.31724      41.42          
 3143.54664   -1.31346      40.20          
 3146.47632   -1.31031      38.97          
 3149.406     -1.30994      37.75          
 3152.33568   -1.30972      36.51          
 3155.26536   -1.31271      35.27          
 3158.19504   -1.31418      34.05          
 3161.12472   -1.31782      32.83          
 3164.0544    -1.32187      31.62          
 3166.98408   -1.32633      30.38          
 3169.91376   -1.32779      29.16          
 3172.84344   -1.33239      27.91          
 3175.77312   -1.3328       26.67          
 3178.7028    -1.33652      25.43          
 3181.63248   -1.34242      24.18          
 3184.56216   -1.34583      22.93          
 3187.49184   -1.35196      21.67          
 3190.42152   -1.35652      20.42          
 3193.3512    -1.36127      19.15          
 3196.28088   -1.36596      17.88          
 3199.21056   -1.37348      16.61          
 3202.14024   -1.38181      15.32          
 3205.06992   -1.39149      14.04          
 3207.9996    -1.40195      12.75          
 3210.92928   -1.41355      11.46          
 3213.85896   -1.42465      10.17          
 3216.78864   -1.43823      8.88           
 3219.71832   -1.44996      7.57           
 3222.648     -1.46386      6.26           
 3225.57768   -1.4781       4.94           
 3228.50736   -1.4913       3.64           
 3231.43704   -1.50412      2.33           
 3234.36672   -1.51545      1.01           
 3237.2964    -1.52528      -0.30          
 3240.22608   -1.53066      -1.62          
 3243.15576   -1.53446      -2.96          
 3246.08544   -1.53795      -4.33          
 3249.01512   -1.54202      -5.72          
 3251.9448    -1.55033      -7.10          
 3254.87448   -1.55546      -8.50          
 3257.80416   -1.56197      -9.90          
 3260.73384   -1.57106      -11.32         
 3263.66352   -1.57844      -12.74         
 3266.5932    -1.58703      -14.18         
 3269.52288   -1.59776      -15.64         
 3272.45256   -1.60863      -17.11         
 3275.38224   -1.62209      -18.59         
 3278.31192   -1.63243      -20.08         
 3281.2416    -1.64439      -21.59         
 3284.17128   -1.65548      -23.13         
 3287.10096   -1.66949      -24.65         
 3290.03064   -1.68205      -26.23         
 3292.96032   -1.69502      -27.82         
 3295.89      -1.71092      -29.45         
 3298.81968   -1.72793      -31.07         
 3301.74936   -1.74758      -32.72         
 3304.67904   -1.76991      -34.37         
 3307.60872   -1.79303      -36.04         
 3310.5384    -1.81856      -37.72         
 3313.46808   -1.84749      -39.41         
 3316.39776   -1.8762       -41.12         
 3319.32744   -1.904        -42.83         
 3322.25712   -1.93485      -44.56         
 3325.1868    -1.96692      -46.28         
 3328.11648   -2.00005      -48.05         
 3331.04616   -2.03562      -49.82         
 3333.97584   -2.06943      -51.61         
 3336.90552   -2.10229      -53.43         
 3339.8352    -2.13763      -55.29         
 3342.76488   -2.17694      -57.16         
 3345.69456   -2.21817      -59.06         
 3348.62424   -2.26103      -60.99         
 3351.55392   -2.30228      -62.93         
 3354.4836    -2.34538      -64.90         
 3357.41328   -2.38625      -66.91         
 3360.34296   -2.42418      -68.96         
 3363.27264   -2.46582      -71.04         
 3366.20232   -2.5068       -73.17         
 3369.132     -2.54967      -75.33         
 3372.06168   -2.59332      -77.51         
 3374.99136   -2.63763      -79.73         
 3377.92104   -2.68154      -82.00         
 3380.85072   -2.7286       -84.30         
 3383.7804    -2.77524      -86.65         
 3386.71008   -2.82465      -89.01         
 3389.63976   -2.87501      -91.41         
 3392.56944   -2.92489      -93.85         
 3395.49912   -2.97235      -96.35         
 3398.4288    -3.02248      -98.88         
 3401.35848   -3.07297      -101.45        
 3404.28816   -3.12653      -104.03        
 3407.21784   -3.17742      -106.68        
 3410.14752   -3.22523      -109.37        
 3413.0772    -3.271        -112.13        
 3416.00688   -3.3135       -114.96        
 3418.93656   -3.35864      -117.88        
 3421.86624   -3.40224      -120.84        
 3424.79592   -3.44543      -123.86        
 3427.7256    -3.48736      -126.94        
 3430.65528   -3.52992      -130.10        
 3433.58496   -3.57151      -133.31        
 3436.51464   -3.6104       -136.57        
 3439.44432   -3.64735      -139.88        
 3442.374     -3.68247      -143.24        
 3445.30368   -3.71292      -146.67        
 3448.23336   -3.74041      -150.16        
 3451.16304   -3.76638      -153.72        
 3454.09272   -3.79218      -157.33        
 3457.0224    -3.8113       -160.99        
 3459.95208   -3.82642      -164.69        
 3462.88176   -3.83771      -168.44        
 3465.81144   -3.84344      -172.22        
 3468.74112   -3.84401      -176.05        
 3471.6708    -3.83971      -179.92        
 3474.60048   -3.83067      176.19         
 3477.53016   -3.81592      172.28         
 3480.45984   -3.79549      168.36         
 3483.38952   -3.76585      164.41         
 3486.3192    -3.73254      160.47         
 3489.24888   -3.69366      156.49         
 3492.17856   -3.64913      152.52         
 3495.10824   -3.6016       148.54         
 3498.03792   -3.54827      144.58         
 3500.9676    -3.48993      140.63         
 3503.89728   -3.42612      136.67         
 3506.82696   -3.35733      132.75         
 3509.75664   -3.28477      128.82         
 3512.68632   -3.20934      124.90         
 3515.616     -3.12985      121.03         
 3518.54568   -3.05032      117.17         
 3521.47536   -2.97085      113.36         
 3524.40504   -2.8875       109.58         
 3527.33472   -2.80153      105.85         
 3530.2644    -2.71491      102.18         
 3533.19408   -2.62729      98.55          
 3536.12376   -2.54174      94.96          
 3539.05344   -2.45668      91.43          
 3541.98312   -2.37223      87.96          
 3544.9128    -2.28877      84.52          
 3547.84248   -2.20835      81.15          
 3550.77216   -2.1288       77.82          
 3553.70184   -2.04996      74.54          
 3556.63152   -1.97361      71.32          
 3559.5612    -1.90003      68.14          
 3562.49088   -1.8287       65.03          
 3565.42056   -1.7579       61.97          
 3568.35024   -1.68948      58.96          
 3571.27992   -1.62466      56.00          
 3574.2096    -1.5604       53.08          
 3577.13928   -1.50039      50.22          
 3580.06896   -1.4402       47.40          
 3582.99864   -1.38378      44.64          
 3585.92832   -1.33119      41.91          
 3588.858     -1.28017      39.25          
 3591.78768   -1.23277      36.62          
 3594.71736   -1.18907      34.04          
 3597.64704   -1.1481       31.50          
 3600.57672   -1.11038      29.03          
 3603.5064    -1.07354      26.59          
 3606.43608   -1.03813      24.19          
 3609.36576   -1.00536      21.84          
 3612.29544   -0.97491      19.52          
 3615.22512   -0.94709      17.25          
 3618.1548    -0.92177      15.02          
 3621.08448   -0.89899      12.81          
 3624.01416   -0.87434      10.63          
 3626.94384   -0.85395      8.49           
 3629.87352   -0.83562      6.38           
 3632.8032    -0.81385      4.28           
 3635.73288   -0.7998       2.23           
 3638.66256   -0.7865       0.23           
 3641.59224   -0.7766       -1.74          
 3644.52192   -0.76507      -3.68          
 3647.4516    -0.75719      -5.58          
 3650.38128   -0.74912      -7.46          
 3653.31096   -0.74103      -9.31          
 3656.24064   -0.73539      -11.15         
 3659.17032   -0.73227      -12.96         
 3662.1       -0.7294       -14.75         
 3665.02968   -0.72662      -16.51         
 3667.95936   -0.726        -18.26         
 3670.88904   -0.72643      -19.99         
 3673.81872   -0.72899      -21.69         
 3676.7484    -0.73084      -23.36         
 3679.67808   -0.73534      -25.01         
 3682.60776   -0.74029      -26.64         
 3685.53744   -0.74477      -28.25         
 3688.46712   -0.75008      -29.82         
 3691.3968    -0.75619      -31.38         
 3694.32648   -0.75971      -32.92         
 3697.25616   -0.76375      -34.44         
 3700.18584   -0.76871      -35.95         
 3703.11552   -0.7747       -37.44         
 3706.0452    -0.78061      -38.92         
 3708.97488   -0.78735      -40.37         
 3711.90456   -0.79487      -41.81         
 3714.83424   -0.803        -43.26         
 3717.76392   -0.81226      -44.68         
 3720.6936    -0.82261      -46.11         
 3723.62328   -0.83234      -47.54         
 3726.55296   -0.84509      -48.95         
 3729.48264   -0.86032      -50.35         
 3732.41232   -0.87451      -51.74         
 3735.342     -0.89169      -53.11         
 3738.27168   -0.90758      -54.48         
 3741.20136   -0.92501      -55.83         
 3744.13104   -0.94202      -57.16         
 3747.06072   -0.95916      -58.50         
 3749.9904    -0.97809      -59.83         
 3752.92008   -0.99802      -61.16         
 3755.84976   -1.01947      -62.47         
 3758.77944   -1.04285      -63.76         
 3761.70912   -1.0671       -65.04         
 3764.6388    -1.09282      -66.31         
 3767.56848   -1.11847      -67.54         
 3770.49816   -1.14358      -68.77         
 3773.42784   -1.16942      -69.97         
 3776.35752   -1.19452      -71.17         
 3779.2872    -1.2206       -72.34         
 3782.21688   -1.24532      -73.51         
 3785.14656   -1.27262      -74.67         
 3788.07624   -1.29868      -75.81         
 3791.00592   -1.32204      -76.94         
 3793.9356    -1.34451      -78.06         
 3796.86528   -1.36661      -79.19         
 3799.79496   -1.38913      -80.31         
 3802.72464   -1.41223      -81.43         
 3805.65432   -1.43345      -82.55         
 3808.584     -1.45654      -83.67         
 3811.51368   -1.48102      -84.78         
 3814.44336   -1.50344      -85.88         
 3817.37304   -1.52767      -86.97         
 3820.30272   -1.55051      -88.05         
 3823.2324    -1.57273      -89.12         
 3826.16208   -1.59516      -90.18         
 3829.09176   -1.61576      -91.24         
 3832.02144   -1.6347       -92.28         
 3834.95112   -1.65187      -93.32         
 3837.8808    -1.66981      -94.38         
 3840.81048   -1.68928      -95.42         
 3843.74016   -1.70716      -96.48         
 3846.66984   -1.7261       -97.53         
 3849.59952   -1.747        -98.57         
 3852.5292    -1.76953      -99.60         
 3855.45888   -1.78839      -100.64        
 3858.38856   -1.8102       -101.67        
 3861.31824   -1.8327       -102.70        
 3864.24792   -1.8559       -103.72        
 3867.1776    -1.87997      -104.73        
 3870.10728   -1.90131      -105.75        
 3873.03696   -1.92329      -106.77        
 3875.96664   -1.94428      -107.78        
 3878.89632   -1.96865      -108.80        
 3881.826     -1.99034      -109.82        
 3884.75568   -2.01685      -110.84        
 3887.68536   -2.04009      -111.84        
 3890.61504   -2.06409      -112.83        
 3893.54472   -2.08707      -113.82        
 3896.4744    -2.10856      -114.82        
 3899.40408   -2.13032      -115.80        
 3902.33376   -2.15239      -116.77        
 3905.26344   -2.17354      -117.75        
 3908.19312   -2.19512      -118.74        
 3911.1228    -2.21937      -119.73        
 3914.05248   -2.24411      -120.73        
 3916.98216   -2.27414      -121.73        
 3919.91184   -2.30387      -122.70        
 3922.84152   -2.33421      -123.67        
 3925.7712    -2.3642       -124.64        
 3928.70088   -2.39461      -125.60        
 3931.63056   -2.42452      -126.55        
 3934.56024   -2.44996      -127.50        
 3937.48992   -2.4762       -128.47        
 3940.4196    -2.50439      -129.45        
 3943.34928   -2.53388      -130.41        
 3946.27896   -2.56641      -131.38        
 3949.20864   -2.59867      -132.34        
 3952.13832   -2.63178      -133.28        
 3955.068     -2.66184      -134.21        
 3957.99768   -2.68774      -135.13        
 3960.92736   -2.71291      -136.08        
 3963.85704   -2.73533      -137.02        
 3966.78672   -2.75892      -138.01        
 3969.7164    -2.78303      -139.00        
 3972.64608   -2.81188      -140.00        
 3975.57576   -2.84097      -141.00        
 3978.50544   -2.86985      -141.98        
 3981.43512   -2.89953      -142.97        
 3984.3648    -2.93049      -143.98        
 3987.29448   -2.96027      -144.98        
 3990.22416   -2.99621      -145.99        
 3993.15384   -3.03056      -147.01        
 3996.08352   -3.06828      -148.00        
 3999.0132    -3.10589      -148.99        
 4001.94288   -3.14287      -149.97        
 4004.87256   -3.17792      -150.95        
 4007.80224   -3.21092      -151.95        
 4010.73192   -3.24625      -152.96        
 4013.6616    -3.28131      -153.97        
 4016.59128   -3.31708      -154.99        
 4019.52096   -3.3536       -156.03        
 4022.45064   -3.3918       -157.07        
 4025.38032   -3.43259      -158.12        
 4028.31      -3.4796       -159.16        
 4031.23968   -3.5248       -160.18        
 4034.16936   -3.56807      -161.18        
 4037.09904   -3.61049      -162.18        
 4040.02872   -3.65108      -163.20        
 4042.9584    -3.69373      -164.24        
 4045.88808   -3.73973      -165.28        
 4048.81776   -3.78647      -166.30        
 4051.74744   -3.83168      -167.31        
 4054.67712   -3.87304      -168.32        
 4057.6068    -3.91132      -169.35        
 4060.53648   -3.95031      -170.42        
 4063.46616   -3.99185      -171.51        
 4066.39584   -4.03426      -172.61        
 4069.32552   -4.07797      -173.74        
 4072.2552    -4.12464      -174.87        
 4075.18488   -4.17371      -175.99        
 4078.11456   -4.22447      -177.13        
 4081.04424   -4.27542      -178.27        
 4083.97392   -4.32425      -179.41        
 4086.9036    -4.37291      179.44         
 4089.83328   -4.42145      178.26         
 4092.76296   -4.46868      177.06         
 4095.69264   -4.51865      175.81         
 4098.62232   -4.56997      174.55         
 4101.552     -4.6273       173.25         
 4104.48168   -4.68587      171.96         
 4107.41136   -4.7462       170.66         
 4110.34104   -4.80835      169.33         
 4113.27072   -4.86923      167.99         
 4116.2004    -4.931        166.61         
 4119.13008   -4.99455      165.20         
 4122.05976   -5.05935      163.74         
 4124.98944   -5.12842      162.27         
 4127.91912   -5.20094      160.76         
 4130.8488    -5.27345      159.24         
 4133.77848   -5.34542      157.67         
 4136.70816   -5.42294      156.07         
 4139.63784   -5.49828      154.41         
 4142.56752   -5.57813      152.73         
 4145.4972    -5.65896      150.98         
 4148.42688   -5.73645      149.18         
 4151.35656   -5.81805      147.32         
 4154.28624   -5.89961      145.37         
 4157.21592   -5.98833      143.32         
 4160.1456    -6.08051      141.19         
 4163.07528   -6.1813       138.96         
 4166.00496   -6.29722      136.63         
 4168.93464   -6.42437      134.28         
 4171.86432   -6.55616      131.87         
 4174.794     -6.6884       129.41         
 4177.72368   -6.82497      126.84         
 4180.65336   -6.96462      124.18         
 4183.58304   -7.10484      121.43         
 4186.51272   -7.24466      118.57         
 4189.4424    -7.38206      115.56         
 4192.37208   -7.51555      112.38         
 4195.30176   -7.6465       109.01         
 4198.23144   -7.78015      105.42         
 4201.16112   -7.9142       101.63         
 4204.0908    -8.04652      97.64          
 4207.02048   -8.17947      93.42          
 4209.95016   -8.3086       88.99          
 4212.87984   -8.42413      84.33          
 4215.80952   -8.52835      79.42          
 4218.7392    -8.61961      74.27          
 4221.66888   -8.68695      68.90          
 4224.59856   -8.72905      63.28          
 4227.52824   -8.73608      57.42          
 4230.45792   -8.70806      51.30          
 4233.3876    -8.64295      44.99          
 4236.31728   -8.54053      38.52          
 4239.24696   -8.3978       31.89          
 4242.17664   -8.21138      25.19          
 4245.10632   -7.99198      18.46          
 4248.036     -7.73778      11.72          
 4250.96568   -7.45424      5.01           
 4253.89536   -7.14865      -1.59          
 4256.82504   -6.83007      -8.09          
 4259.75472   -6.49973      -14.44         
 4262.6844    -6.15989      -20.63         
 4265.61408   -5.81784      -26.66         
 4268.54376   -5.4801       -32.55         
 4271.47344   -5.14683      -38.27         
 4274.40312   -4.82366      -43.83         
 4277.3328    -4.51342      -49.23         
 4280.26248   -4.2198       -54.46         
 4283.19216   -3.94333      -59.52         
 4286.12184   -3.68153      -64.43         
 4289.05152   -3.43805      -69.18         
 4291.9812    -3.21605      -73.76         
 4294.91088   -3.00934      -78.21         
 4297.84056   -2.82322      -82.50         
 4300.77024   -2.6538       -86.64         
 4303.69992   -2.49985      -90.61         
 4306.6296    -2.36297      -94.45         
 4309.55928   -2.2412       -98.15         
 4312.48896   -2.13179      -101.72        
 4315.41864   -2.0371       -105.15        
 4318.34832   -1.95218      -108.47        
 4321.278     -1.87763      -111.65        
 4324.20768   -1.8133       -114.72        
 4327.13736   -1.75752      -117.67        
 4330.06704   -1.70868      -120.51        
 4332.99672   -1.66672      -123.24        
 4335.9264    -1.62967      -125.89        
 4338.85608   -1.59725      -128.44        
 4341.78576   -1.57164      -130.92        
 4344.71544   -1.55036      -133.30        
 4347.64512   -1.53365      -135.61        
 4350.5748    -1.52063      -137.83        
 4353.50448   -1.51042      -139.98        
 4356.43416   -1.50441      -142.05        
 4359.36384   -1.50164      -144.06        
 4362.29352   -1.50125      -146.00        
 4365.2232    -1.50414      -147.88        
 4368.15288   -1.50583      -149.70        
 4371.08256   -1.5097       -151.46        
 4374.01224   -1.51135      -153.17        
 4376.94192   -1.51323      -154.85        
 4379.8716    -1.51571      -156.49        
 4382.80128   -1.52136      -158.11        
 4385.73096   -1.52794      -159.70        
 4388.66064   -1.53729      -161.24        
 4391.59032   -1.54665      -162.73        
 4394.52      -1.55861      -164.19        
 4397.44968   -1.56927      -165.60        
 4400.37936   -1.58218      -167.00        
 4403.30904   -1.59384      -168.36        
 4406.23872   -1.60773      -169.69        
 4409.1684    -1.61976      -170.99        
 4412.09808   -1.63359      -172.28        
 4415.02776   -1.64471      -173.53        
 4417.95744   -1.65778      -174.79        
 4420.88712   -1.66948      -176.00        
 4423.8168    -1.68449      -177.20        
 4426.74648   -1.69796      -178.36        
 4429.67616   -1.70886      -179.51        
 4432.60584   -1.71985      179.36         
 4435.53552   -1.72957      178.22         
 4438.4652    -1.73952      177.10         
 4441.39488   -1.7506       175.99         
 4444.32456   -1.76201      174.90         
 4447.25424   -1.77449      173.82         
 4450.18392   -1.78552      172.76         
 4453.1136    -1.79658      171.71         
 4456.04328   -1.80755      170.67         
 4458.97296   -1.81758      169.64         
 4461.90264   -1.82922      168.62         
 4464.83232   -1.84038      167.62         
 4467.762     -1.85136      166.62         
 4470.69168   -1.86069      165.65         
 4473.62136   -1.87103      164.68         
 4476.55104   -1.87937      163.72         
 4479.48072   -1.88686      162.77         
 4482.4104    -1.89641      161.81         
 4485.34008   -1.90546      160.87         
 4488.26976   -1.91622      159.93         
 4491.19944   -1.92524      159.02         
 4494.12912   -1.9347       158.11         
 4497.0588    -1.94408      157.20         
 4499.98848   -1.95285      156.31         
 4502.91816   -1.96007      155.42         
 4505.84784   -1.96747      154.54         
 4508.77752   -1.97412      153.66         
 4511.7072    -1.98115      152.78         
 4514.63688   -1.9901       151.91         
 4517.56656   -1.99949      151.06         
 4520.49624   -2.0071       150.20         
 4523.42592   -2.01402      149.35         
 4526.3556    -2.02241      148.49         
 4529.28528   -2.03051      147.67         
 4532.21496   -2.03856      146.84         
 4535.14464   -2.04348      146.02         
 4538.07432   -2.04952      145.21         
 4541.004     -2.05221      144.38         
 4543.93368   -2.05798      143.57         
 4546.86336   -2.06476      142.74         
 4549.79304   -2.07088      141.91         
 4552.72272   -2.08002      141.12         
 4555.6524    -2.08873      140.32         
 4558.58208   -2.09706      139.55         
 4561.51176   -2.10542      138.78         
 4564.44144   -2.111        138.02         
 4567.37112   -2.11381      137.26         
 4570.3008    -2.1156       136.49         
 4573.23048   -2.11826      135.72         
 4576.16016   -2.12067      134.94         
 4579.08984   -2.12373      134.16         
 4582.01952   -2.12741      133.40         
 4584.9492    -2.13076      132.62         
 4587.87888   -2.13363      131.86         
 4590.80856   -2.13692      131.10         
 4593.73824   -2.13786      130.36         
 4596.66792   -2.13799      129.62         
 4599.5976    -2.13619      128.87         
 4602.52728   -2.13327      128.10         
 4605.45696   -2.13043      127.32         
 4608.38664   -2.12883      126.54         
 4611.31632   -2.12912      125.75         
 4614.246     -2.13121      124.98         
 4617.17568   -2.13119      124.22         
 4620.10536   -2.13241      123.46         
 4623.03504   -2.13164      122.70         
 4625.96472   -2.13163      121.94         
 4628.8944    -2.13119      121.17         
 4631.82408   -2.12873      120.39         
 4634.75376   -2.12734      119.61         
 4637.68344   -2.1271       118.82         
 4640.61312   -2.12833      118.03         
 4643.5428    -2.13087      117.25         
 4646.47248   -2.13295      116.46         
 4649.40216   -2.13596      115.69         
 4652.33184   -2.13698      114.92         
 4655.26152   -2.13677      114.13         
 4658.1912    -2.13766      113.35         
 4661.12088   -2.13922      112.57         
 4664.05056   -2.13947      111.77         
 4666.98024   -2.14091      110.99         
 4669.90992   -2.14139      110.18         
 4672.8396    -2.14389      109.38         
 4675.76928   -2.14789      108.59         
 4678.69896   -2.15082      107.81         
 4681.62864   -2.15553      107.03         
 4684.55832   -2.16022      106.28         
 4687.488     -2.16229      105.50         
 4690.41768   -2.16478      104.73         
 4693.34736   -2.16667      103.97         
 4696.27704   -2.17051      103.18         
 4699.20672   -2.17438      102.41         
 4702.1364    -2.1784       101.63         
 4705.06608   -2.18415      100.88         
 4707.99576   -2.18926      100.10         
 4710.92544   -2.19395      99.35          
 4713.85512   -2.19776      98.60          
 4716.7848    -2.20027      97.85          
 4719.71448   -2.1996       97.10          
 4722.64416   -2.19789      96.35          
 4725.57384   -2.19572      95.57          
 4728.50352   -2.19334      94.80          
 4731.4332    -2.19252      94.03          
 4734.36288   -2.18884      93.25          
 4737.29256   -2.18846      92.46          
 4740.22224   -2.18667      91.67          
 4743.15192   -2.1856       90.89          
 4746.0816    -2.18471      90.12          
 4749.01128   -2.18469      89.36          
 4751.94096   -2.18655      88.58          
 4754.87064   -2.18728      87.83          
 4757.80032   -2.18549      87.10          
 4760.73      -2.18034      86.34          
 4763.65968   -2.17374      85.57          
 4766.58936   -2.16704      84.77          
 4769.51904   -2.16373      83.97          
 4772.44872   -2.16482      83.15          
 4775.3784    -2.16642      82.35          
 4778.30808   -2.16977      81.56          
 4781.23776   -2.17154      80.78          
 4784.16744   -2.1734       80.00          
 4787.09712   -2.17214      79.21          
 4790.0268    -2.17082      78.41          
 4792.95648   -2.17108      77.61          
 4795.88616   -2.17413      76.82          
 4798.81584   -2.17529      76.02          
 4801.74552   -2.17943      75.21          
 4804.6752    -2.18155      74.40          
 4807.60488   -2.1859       73.59          
 4810.53456   -2.19365      72.80          
 4813.46424   -2.19789      72.00          
 4816.39392   -2.19912      71.21          
 4819.3236    -2.20168      70.41          
 4822.25328   -2.19926      69.60          
 4825.18296   -2.19625      68.78          
 4828.11264   -2.19183      67.91          
 4831.04232   -2.19164      67.02          
 4833.972     -2.19389      66.12          
 4836.90168   -2.20058      65.23          
 4839.83136   -2.20766      64.34          
 4842.76104   -2.21608      63.48          
 4845.69072   -2.22284      62.62          
 4848.6204    -2.22567      61.76          
 4851.55008   -2.22472      60.88          
 4854.47976   -2.22572      59.99          
 4857.40944   -2.22424      59.08          
 4860.33912   -2.22336      58.14          
 4863.2688    -2.22568      57.19          
 4866.19848   -2.23054      56.24          
 4869.12816   -2.23657      55.28          
 4872.05784   -2.24192      54.32          
 4874.98752   -2.24821      53.36          
 4877.9172    -2.25559      52.40          
 4880.84688   -2.26007      51.44          
 4883.77656   -2.26303      50.46          
 4886.70624   -2.26668      49.47          
 4889.63592   -2.27037      48.48          
 4892.5656    -2.27463      47.45          
 4895.49528   -2.2812       46.42          
 4898.42496   -2.2928       45.38          
 4901.35464   -2.30186      44.37          
 4904.28432   -2.31114      43.37          
 4907.214     -2.31925      42.34          
 4910.14368   -2.32589      41.32          
 4913.07336   -2.33189      40.30          
 4916.00304   -2.33759      39.28          
 4918.93272   -2.34259      38.22          
 4921.8624    -2.35186      37.17          
 4924.79208   -2.35999      36.10          
 4927.72176   -2.3685       35.02          
 4930.65144   -2.38265      33.92          
 4933.58112   -2.39482      32.84          
 4936.5108    -2.40916      31.73          
 4939.44048   -2.42369      30.63          
 4942.37016   -2.43845      29.53          
 4945.29984   -2.45275      28.40          
 4948.22952   -2.46767      27.25          
 4951.1592    -2.48263      26.09          
 4954.08888   -2.4987       24.90          
 4957.01856   -2.52052      23.72          
 4959.94824   -2.53859      22.52          
 4962.87792   -2.55907      21.30          
 4965.8076    -2.57876      20.08          
 4968.73728   -2.60276      18.83          
 4971.66696   -2.62759      17.57          
 4974.59664   -2.6536       16.29          
 4977.52632   -2.68243      14.99          
 4980.456     -2.70973      13.68          
 4983.38568   -2.73778      12.37          
 4986.31536   -2.76537      11.01          
 4989.24504   -2.79395      9.60           
 4992.17472   -2.82841      8.17           
 4995.1044    -2.86523      6.70           
 4998.03408   -2.90779      5.21           
 5000.96376   -2.95378      3.71           
 5003.89344   -3.00478      2.19           
 5006.82312   -3.0563       0.66           
 5009.7528    -3.1086       -0.88          
 5012.68248   -3.15795      -2.46          
 5015.61216   -3.20781      -4.10          
 5018.54184   -3.26163      -5.79          
 5021.47152   -3.32154      -7.53          
 5024.4012    -3.38328      -9.32          
 5027.33088   -3.45114      -11.16         
 5030.26056   -3.52555      -13.06         
 5033.19024   -3.60713      -14.98         
 5036.11992   -3.69396      -16.93         
 5039.0496    -3.78491      -18.93         
 5041.97928   -3.88275      -20.99         
 5044.90896   -3.9879       -23.11         
 5047.83864   -4.09635      -25.26         
 5050.76832   -4.21036      -27.47         
 5053.698     -4.33143      -29.78         
 5056.62768   -4.45919      -32.18         
 5059.55736   -4.60199      -34.68         
 5062.48704   -4.7594       -37.22         
 5065.41672   -4.92579      -39.81         
 5068.3464    -5.09582      -42.44         
 5071.27608   -5.27404      -45.19         
 5074.20576   -5.45731      -48.06         
 5077.13544   -5.65085      -51.06         
 5080.06512   -5.85127      -54.20         
 5082.9948    -6.06612      -57.53         
 5085.92448   -6.29915      -61.03         
 5088.85416   -6.54581      -64.67         
 5091.78384   -6.80658      -68.50         
 5094.71352   -7.07843      -72.54         
 5097.6432    -7.3678       -76.84         
 5100.57288   -7.6655       -81.33         
 5103.50256   -7.97435      -86.13         
 5106.43224   -8.28972      -91.20         
 5109.36192   -8.60394      -96.60         
 5112.2916    -8.90883      -102.32        
 5115.22128   -9.20166      -108.43        
 5118.15096   -9.47313      -114.95        
 5121.08064   -9.71052      -121.91        
 5124.01032   -9.91033      -129.22        
 5126.94      -10.06559     -136.88        
 5129.86968   -10.16023     -144.79        
 5132.79936   -10.18026     -152.92        
 5135.72904   -10.13344     -161.17        
 5138.65872   -10.01707     -169.36        
 5141.5884    -9.82848      -177.43        
 5144.51808   -9.57548      174.70         
 5147.44776   -9.27285      167.10         
 5150.37744   -8.93186      159.80         
 5153.30712   -8.56285      152.86         
 5156.2368    -8.17597      146.25         
 5159.16648   -7.78191      139.99         
 5162.09616   -7.39067      134.08         
 5165.02584   -7.00505      128.50         
 5167.95552   -6.63375      123.22         
 5170.8852    -6.27022      118.23         
 5173.81488   -5.91803      113.47         
 5176.74456   -5.58112      108.94         
 5179.67424   -5.26104      104.58         
 5182.60392   -4.95531      100.40         
 5185.5336    -4.66648      96.39          
 5188.46328   -4.39413      92.54          
 5191.39296   -4.13568      88.83          
 5194.32264   -3.89221      85.26          
 5197.25232   -3.66401      81.83          
 5200.182     -3.4464       78.51          
 5203.11168   -3.24263      75.30          
 5206.04136   -3.04979      72.19          
 5208.97104   -2.86887      69.17          
 5211.90072   -2.6992       66.25          
 5214.8304    -2.5413       63.41          
 5217.76008   -2.39362      60.65          
 5220.68976   -2.25605      57.98          
 5223.61944   -2.12634      55.36          
 5226.54912   -2.00271      52.82          
 5229.4788    -1.8904       50.34          
 5232.40848   -1.78396      47.94          
 5235.33816   -1.68588      45.58          
 5238.26784   -1.59293      43.29          
 5241.19752   -1.50458      41.05          
 5244.1272    -1.42341      38.86          
 5247.05688   -1.34678      36.70          
 5249.98656   -1.27639      34.60          
 5252.91624   -1.20961      32.54          
 5255.84592   -1.14545      30.51          
 5258.7756    -1.08564      28.51          
 5261.70528   -1.03032      26.56          
 5264.63496   -0.97929      24.64          
 5267.56464   -0.93184      22.76          
 5270.49432   -0.88552      20.91          
 5273.424     -0.84068      19.09          
 5276.35368   -0.80217      17.30          
 5279.28336   -0.76505      15.54          
 5282.21304   -0.73113      13.80          
 5285.14272   -0.69834      12.11          
 5288.0724    -0.66897      10.43          
 5291.00208   -0.64056      8.78           
 5293.93176   -0.61271      7.15           
 5296.86144   -0.58615      5.56           
 5299.79112   -0.56191      3.98           
 5302.7208    -0.5372       2.41           
 5305.65048   -0.5145       0.87           
 5308.58016   -0.49383      -0.66          
 5311.50984   -0.47269      -2.18          
 5314.43952   -0.45262      -3.68          
 5317.3692    -0.43429      -5.16          
 5320.29888   -0.41635      -6.63          
 5323.22856   -0.3991       -8.10          
 5326.15824   -0.38431      -9.55          
 5329.08792   -0.3704       -10.98         
 5332.0176    -0.35568      -12.40         
 5334.94728   -0.34272      -13.78         
 5337.87696   -0.32867      -15.16         
 5340.80664   -0.3148       -16.54         
 5343.73632   -0.30212      -17.91         
 5346.666     -0.29114      -19.27         
 5349.59568   -0.28162      -20.59         
 5352.52536   -0.27429      -21.91         
 5355.45504   -0.26622      -23.21         
 5358.38472   -0.25969      -24.49         
 5361.3144    -0.2506       -25.78         
 5364.24408   -0.24253      -27.05         
 5367.17376   -0.23592      -28.32         
 5370.10344   -0.23149      -29.58         
 5373.03312   -0.22671      -30.84         
 5375.9628    -0.22355      -32.08         
 5378.89248   -0.22189      -33.32         
 5381.82216   -0.2197       -34.54         
 5384.75184   -0.21432      -35.76         
 5387.68152   -0.21386      -36.96         
 5390.6112    -0.21455      -38.18         
 5393.54088   -0.21379      -39.39         
 5396.47056   -0.21488      -40.58         
 5399.40024   -0.21695      -41.78         
 5402.32992   -0.2205       -42.95         
 5405.2596    -0.22175      -44.13         
 5408.18928   -0.22639      -45.30         
 5411.11896   -0.22921      -46.48         
 5414.04864   -0.23527      -47.65         
 5416.97832   -0.24128      -48.82         
 5419.908     -0.24756      -49.98         
 5422.83768   -0.25522      -51.14         
 5425.76736   -0.2636       -52.31         
 5428.69704   -0.2728       -53.46         
 5431.62672   -0.28244      -54.60         
 5434.5564    -0.29207      -55.74         
 5437.48608   -0.30062      -56.86         
 5440.41576   -0.30788      -57.99         
 5443.34544   -0.31487      -59.13         
 5446.27512   -0.31981      -60.26         
 5449.2048    -0.32677      -61.39         
 5452.13448   -0.33304      -62.51         
 5455.06416   -0.34125      -63.64         
 5457.99384   -0.34817      -64.74         
 5460.92352   -0.35797      -65.84         
 5463.8532    -0.36642      -66.94         
 5466.78288   -0.3738       -68.03         
 5469.71256   -0.38079      -69.12         
 5472.64224   -0.38822      -70.22         
 5475.57192   -0.39727      -71.34         
 5478.5016    -0.40808      -72.44         
 5481.43128   -0.42148      -73.54         
 5484.36096   -0.43628      -74.64         
 5487.29064   -0.44953      -75.71         
 5490.22032   -0.46329      -76.79         
 5493.15      -0.47566      -77.87         
 5496.07968   -0.48772      -78.92         
 5499.00936   -0.5006       -79.97         
 5501.93904   -0.51163      -81.03         
 5504.86872   -0.52007      -82.07         
 5507.7984    -0.53499      -83.11         
 5510.72808   -0.54611      -84.15         
 5513.65776   -0.55652      -85.19         
 5516.58744   -0.56918      -86.21         
 5519.51712   -0.57883      -87.22         
 5522.4468    -0.59018      -88.19         
 5525.37648   -0.59884      -89.20         
 5528.30616   -0.60768      -90.18         
 5531.23584   -0.61665      -91.16         
 5534.16552   -0.62372      -92.13         
 5537.0952    -0.62957      -93.10         
 5540.02488   -0.63988      -94.08         
 5542.95456   -0.64467      -95.04         
 5545.88424   -0.65558      -96.02         
 5548.81392   -0.6674       -97.02         
 5551.7436    -0.68128      -97.99         
 5554.67328   -0.69205      -98.97         
 5557.60296   -0.70398      -99.94         
 5560.53264   -0.71542      -100.90        
 5563.46232   -0.72556      -101.86        
 5566.392     -0.73335      -102.84        
 5569.32168   -0.74433      -103.82        
 5572.25136   -0.75516      -104.80        
 5575.18104   -0.76686      -105.78        
 5578.11072   -0.78168      -106.76        
 5581.0404    -0.7935       -107.72        
 5583.97008   -0.8059       -108.65        
 5586.89976   -0.81625      -109.58        
 5589.82944   -0.82726      -110.51        
 5592.75912   -0.83605      -111.44        
 5595.6888    -0.84509      -112.34        
 5598.61848   -0.85385      -113.26        
 5601.54816   -0.86351      -114.18        
 5604.47784   -0.87203      -115.10        
 5607.40752   -0.8823       -116.02        
 5610.3372    -0.8956       -116.95        
 5613.26688   -0.90828      -117.86        
 5616.19656   -0.92061      -118.78        
 5619.12624   -0.93516      -119.67        
 5622.05592   -0.94847      -120.58        
 5624.9856    -0.96331      -121.46        
 5627.91528   -0.9771       -122.35        
 5630.84496   -0.98852      -123.24        
 5633.77464   -1.00118      -124.11        
 5636.70432   -1.01294      -125.01        
 5639.634     -1.02441      -125.90        
 5642.56368   -1.03656      -126.78        
 5645.49336   -1.04774      -127.68        
 5648.42304   -1.06058      -128.56        
 5651.35272   -1.0767       -129.44        
 5654.2824    -1.0886       -130.31        
 5657.21208   -1.101        -131.17        
 5660.14176   -1.11406      -132.03        
 5663.07144   -1.12553      -132.90        
 5666.00112   -1.13827      -133.75        
 5668.9308    -1.15119      -134.60        
 5671.86048   -1.16133      -135.45        
 5674.79016   -1.17454      -136.32        
 5677.71984   -1.18761      -137.15        
 5680.64952   -1.20263      -137.98        
 5683.5792    -1.21363      -138.80        
 5686.50888   -1.22719      -139.66        
 5689.43856   -1.23924      -140.47        
 5692.36824   -1.25245      -141.32        
 5695.29792   -1.26399      -142.15        
 5698.2276    -1.27297      -143.01        
 5701.15728   -1.28209      -143.85        
 5704.08696   -1.29148      -144.72        
 5707.01664   -1.30369      -145.58        
 5709.94632   -1.31734      -146.42        
 5712.876     -1.32673      -147.26        
 5715.80568   -1.33847      -148.11        
 5718.73536   -1.34788      -148.94        
 5721.66504   -1.35636      -149.78        
 5724.59472   -1.366        -150.61        
 5727.5244    -1.37413      -151.45        
 5730.45408   -1.37949      -152.28        
 5733.38376   -1.38715      -153.11        
 5736.31344   -1.39506      -153.94        
 5739.24312   -1.40263      -154.78        
 5742.1728    -1.4106       -155.61        
 5745.10248   -1.41842      -156.43        
 5748.03216   -1.42851      -157.27        
 5750.96184   -1.43602      -158.08        
 5753.89152   -1.44719      -158.90        
 5756.8212    -1.45616      -159.71        
 5759.75088   -1.46354      -160.52        
 5762.68056   -1.46974      -161.33        
 5765.61024   -1.4768       -162.16        
 5768.53992   -1.48476      -162.99        
 5771.4696    -1.49228      -163.81        
 5774.39928   -1.50206      -164.63        
 5777.32896   -1.51037      -165.46        
 5780.25864   -1.51967      -166.28        
 5783.18832   -1.5303       -167.10        
 5786.118     -1.53865      -167.90        
 5789.04768   -1.54691      -168.71        
 5791.97736   -1.55395      -169.50        
 5794.90704   -1.55743      -170.30        
 5797.83672   -1.55972      -171.13        
 5800.7664    -1.56366      -171.95        
 5803.69608   -1.57344      -172.78        
 5806.62576   -1.58241      -173.60        
 5809.55544   -1.59317      -174.40        
 5812.48512   -1.60369      -175.20        
 5815.4148    -1.61531      -175.99        
 5818.34448   -1.62464      -176.76        
 5821.27416   -1.63242      -177.52        
 5824.20384   -1.64116      -178.31        
 5827.13352   -1.6494       -179.10        
 5830.0632    -1.65968      -179.89        
 5832.99288   -1.67153      179.31         
 5835.92256   -1.68601      178.52         
 5838.85224   -1.69745      177.75         
 5841.78192   -1.70974      176.97         
 5844.7116    -1.72108      176.20         
 5847.64128   -1.73086      175.44         
 5850.57096   -1.73939      174.66         
 5853.50064   -1.7468       173.89         
 5856.43032   -1.7537       173.11         
 5859.36      -1.75769      172.32         
 5862.28968   -1.76602      171.52         
 5865.21936   -1.776        170.72         
 5868.14904   -1.78442      169.93         
 5871.07872   -1.79571      169.14         
 5874.0084    -1.80578      168.36         
 5876.93808   -1.81459      167.62         
 5879.86776   -1.82386      166.85         
 5882.79744   -1.83058      166.09         
 5885.72712   -1.83779      165.32         
 5888.6568    -1.84575      164.55         
 5891.58648   -1.85374      163.78         
 5894.51616   -1.8616       163.01         
 5897.44584   -1.8708       162.24         
 5900.37552   -1.87966      161.47         
 5903.3052    -1.88656      160.70         
 5906.23488   -1.89187      159.94         
 5909.16456   -1.90049      159.17         
 5912.09424   -1.90671      158.40         
 5915.02392   -1.91086      157.63         
 5917.9536    -1.91628      156.85         
 5920.88328   -1.92033      156.04         
 5923.81296   -1.92649      155.23         
 5926.74264   -1.93606      154.42         
 5929.67232   -1.94491      153.61         
 5932.602     -1.95415      152.81         
 5935.53168   -1.96256      152.02         
 5938.46136   -1.97012      151.24         
 5941.39104   -1.97539      150.45         
 5944.32072   -1.98398      149.67         
 5947.2504    -1.98826      148.88         
 5950.18008   -1.99645      148.08         
 5953.10976   -2.00386      147.28         
 5956.03944   -2.01281      146.47         
 5958.96912   -2.02374      145.68         
 5961.8988    -2.03381      144.87         
 5964.82848   -2.04478      144.07         
 5967.75816   -2.05555      143.27         
 5970.68784   -2.06479      142.45         
 5973.61752   -2.07467      141.63         
 5976.5472    -2.08452      140.81         
 5979.47688   -2.09563      139.99         
 5982.40656   -2.10743      139.16         
 5985.33624   -2.11938      138.32         
 5988.26592   -2.13133      137.49         
 5991.1956    -2.14381      136.65         
 5994.12528   -2.15563      135.82         
 5997.05496   -2.16658      134.96         
 5999.98464   -2.17729      134.10         
