 2.92968      0.0092        -1.04          
 5.85936      0.00814       -1.68          
 8.78904      0.00792       -2.32          
 11.71872     0.00726       -2.97          
 14.6484      0.00616       -3.62          
 17.57808     0.00644       -4.26          
 20.50776     0.00578       -4.92          
 23.43744     0.00559       -5.57          
 26.36712     0.00542       -6.23          
 29.2968      0.00597       -6.88          
 32.22648     0.00523       -7.55          
 35.15616     0.00561       -8.22          
 38.08584     0.00539       -8.90          
 41.01552     0.00384       -9.57          
 43.9452      0.00213       -10.25         
 46.87488     0.00095       -10.93         
 49.80456     0.00068       -11.61         
 52.73424     0.00011       -12.30         
 55.66392     -0.00017      -12.98         
 58.5936      -0.00176      -13.67         
 61.52328     -0.00073      -14.35         
 64.45296     -0.00141      -15.03         
 67.38264     -0.00215      -15.72         
 70.31232     -0.00181      -16.42         
 73.242       -0.00376      -17.12         
 76.17168     -0.00695      -17.84         
 79.10136     -0.01602      -18.50         
 82.03104     -0.01018      -19.14         
 84.96072     -0.00639      -19.84         
 87.8904      -0.00609      -20.57         
 90.82008     -0.01188      -21.29         
 93.74976     -0.01304      -22.02         
 96.67944     -0.02275      -22.86         
 99.60912     -0.09155      -23.80         
 102.5388     -0.13734      -23.62         
 105.46848    -0.08383      -24.18         
 108.39816    -0.05887      -24.87         
 111.32784    -0.04988      -25.62         
 114.25752    -0.046        -26.30         
 117.1872     -0.03917      -26.99         
 120.11688    -0.03307      -27.69         
 123.04656    -0.02759      -28.40         
 125.97624    -0.02451      -29.12         
 128.90592    -0.0231       -29.84         
 131.8356     -0.02062      -30.56         
 134.76528    -0.01929      -31.27         
 137.69496    -0.01838      -31.97         
 140.62464    -0.01736      -32.66         
 143.55432    -0.01519      -33.34         
 146.484      -0.01463      -34.00         
 149.41368    -0.01453      -34.69         
 152.34336    -0.0164       -35.37         
 155.27304    -0.01637      -36.05         
 158.20272    -0.01622      -36.74         
 161.1324     -0.01677      -37.44         
 164.06208    -0.01713      -38.14         
 166.99176    -0.01709      -38.83         
 169.92144    -0.01749      -39.52         
 172.85112    -0.01746      -40.22         
 175.7808     -0.01874      -40.91         
 178.71048    -0.01924      -41.60         
 181.64016    -0.0205       -42.30         
 184.56984    -0.02211      -42.98         
 187.49952    -0.02269      -43.65         
 190.4292     -0.0227       -44.32         
 193.35888    -0.02159      -44.98         
 196.28856    -0.02086      -45.67         
 199.21824    -0.02038      -46.35         
 202.14792    -0.02084      -47.03         
 205.0776     -0.02307      -47.72         
 208.00728    -0.02613      -48.41         
 210.93696    -0.03065      -49.10         
 213.86664    -0.03367      -49.79         
 216.79632    -0.03702      -50.49         
 219.726      -0.03953      -51.19         
 222.65568    -0.03842      -51.88         
 225.58536    -0.03777      -52.61         
 228.51504    -0.03939      -53.34         
 231.44472    -0.04216      -54.07         
 234.3744     -0.04751      -54.80         
 237.30408    -0.05388      -55.50         
 240.23376    -0.05993      -56.17         
 243.16344    -0.0622       -56.83         
 246.09312    -0.0613       -57.50         
 249.0228     -0.06098      -58.17         
 251.95248    -0.05955      -58.84         
 254.88216    -0.0566       -59.54         
 257.81184    -0.05555      -60.27         
 260.74152    -0.05846      -61.01         
 263.6712     -0.06538      -61.78         
 266.60088    -0.075        -62.53         
 269.53056    -0.08354      -63.30         
 272.46024    -0.09639      -64.06         
 275.38992    -0.10905      -64.83         
 278.3196     -0.12386      -65.60         
 281.24928    -0.14506      -66.34         
 284.17896    -0.16497      -67.03         
 287.10864    -0.18156      -67.74         
 290.03832    -0.206        -68.43         
 292.968      -0.23324      -69.12         
 295.89768    -0.27679      -69.75         
 298.82736    -0.32421      -70.15         
 301.75704    -0.33565      -70.34         
 304.68672    -0.30015      -70.64         
 307.6164     -0.25477      -71.15         
 310.54608    -0.21447      -71.78         
 313.47576    -0.18591      -72.49         
 316.40544    -0.16857      -73.18         
 319.33512    -0.1545       -73.84         
 322.2648     -0.14042      -74.52         
 325.19448    -0.12686      -75.19         
 328.12416    -0.1144       -75.90         
 331.05384    -0.10672      -76.65         
 333.98352    -0.10532      -77.40         
 336.9132     -0.10747      -78.15         
 339.84288    -0.11623      -78.90         
 342.77256    -0.12576      -79.62         
 345.70224    -0.13427      -80.31         
 348.63192    -0.13716      -80.98         
 351.5616     -0.13233      -81.67         
 354.49128    -0.12326      -82.38         
 357.42096    -0.11494      -83.13         
 360.35064    -0.10943      -83.91         
 363.28032    -0.1075       -84.68         
 366.21       -0.10748      -85.45         
 369.13968    -0.11066      -86.23         
 372.06936    -0.11972      -86.97         
 374.99904    -0.12637      -87.64         
 377.92872    -0.12324      -88.31         
 380.8584     -0.11798      -89.02         
 383.78808    -0.11655      -89.74         
 386.71776    -0.11401      -90.48         
 389.64744    -0.11237      -91.23         
 392.57712    -0.11099      -91.99         
 395.5068     -0.11249      -92.81         
 398.43648    -0.12033      -93.67         
 401.36616    -0.13906      -94.58         
 404.29584    -0.18497      -95.59         
 407.22552    -0.33238      -96.44         
 410.1552     -0.35672      -95.54         
 413.08488    -0.23026      -96.26         
 416.01456    -0.19831      -97.17         
 418.94424    -0.186        -97.99         
 421.87392    -0.17876      -98.79         
 424.8036     -0.17738      -99.57         
 427.73328    -0.17384      -100.32        
 430.66296    -0.1679       -101.02        
 433.59264    -0.16084      -101.72        
 436.52232    -0.1508       -102.44        
 439.452      -0.13953      -103.18        
 442.38168    -0.1333       -103.96        
 445.31136    -0.1309       -104.75        
 448.24104    -0.13412      -105.53        
 451.17072    -0.13958      -106.31        
 454.1004     -0.14762      -107.08        
 457.03008    -0.15981      -107.84        
 459.95976    -0.17158      -108.58        
 462.88944    -0.18286      -109.32        
 465.81912    -0.19584      -110.07        
 468.7488     -0.20959      -110.79        
 471.67848    -0.2219       -111.52        
 474.60816    -0.23514      -112.25        
 477.53784    -0.25119      -113.00        
 480.46752    -0.2683       -113.73        
 483.3972     -0.29071      -114.47        
 486.32688    -0.31666      -115.16        
 489.25656    -0.34278      -115.80        
 492.18624    -0.36203      -116.43        
 495.11592    -0.37704      -117.07        
 498.0456     -0.39777      -117.75        
 500.97528    -0.43105      -118.44        
 503.90496    -0.47797      -119.04        
 506.83464    -0.52212      -119.50        
 509.76432    -0.55107      -119.87        
 512.694      -0.56547      -120.22        
 515.62368    -0.56179      -120.55        
 518.55336    -0.53996      -120.96        
 521.48304    -0.51347      -121.49        
 524.41272    -0.48671      -122.06        
 527.3424     -0.45477      -122.68        
 530.27208    -0.42302      -123.39        
 533.20176    -0.39476      -124.14        
 536.13144    -0.37343      -124.93        
 539.06112    -0.35654      -125.73        
 541.9908     -0.34806      -126.53        
 544.92048    -0.34166      -127.29        
 547.85016    -0.33155      -128.01        
 550.77984    -0.31699      -128.74        
 553.70952    -0.30347      -129.49        
 556.6392     -0.29152      -130.26        
 559.56888    -0.28231      -131.02        
 562.49856    -0.27465      -131.79        
 565.42824    -0.2703       -132.56        
 568.35792    -0.26791      -133.30        
 571.2876     -0.26396      -134.06        
 574.21728    -0.25764      -134.81        
 577.14696    -0.25268      -135.59        
 580.07664    -0.25006      -136.37        
 583.00632    -0.25014      -137.14        
 585.936      -0.24863      -137.91        
 588.86568    -0.25191      -138.66        
 591.79536    -0.25351      -139.38        
 594.72504    -0.25018      -140.10        
 597.65472    -0.24376      -140.81        
 600.5844     -0.23388      -141.53        
 603.51408    -0.22267      -142.25        
 606.44376    -0.20886      -142.99        
 609.37344    -0.19411      -143.74        
 612.30312    -0.18266      -144.51        
 615.2328     -0.17286      -145.31        
 618.16248    -0.16648      -146.11        
 621.09216    -0.16326      -146.90        
 624.02184    -0.16274      -147.69        
 626.95152    -0.16324      -148.49        
 629.8812     -0.16477      -149.28        
 632.81088    -0.16869      -150.08        
 635.74056    -0.17474      -150.89        
 638.67024    -0.18183      -151.72        
 641.59992    -0.18994      -152.53        
 644.5296     -0.19801      -153.35        
 647.45928    -0.20547      -154.19        
 650.38896    -0.21581      -155.04        
 653.31864    -0.22915      -155.87        
 656.24832    -0.24351      -156.71        
 659.178      -0.25724      -157.54        
 662.10768    -0.27268      -158.36        
 665.03736    -0.28672      -159.19        
 667.96704    -0.3042       -160.03        
 670.89672    -0.32525      -160.85        
 673.8264     -0.34866      -161.65        
 676.75608    -0.37334      -162.44        
 679.68576    -0.39975      -163.21        
 682.61544    -0.42432      -163.97        
 685.54512    -0.44927      -164.73        
 688.4748     -0.4753       -165.49        
 691.40448    -0.5018       -166.27        
 694.33416    -0.53181      -167.08        
 697.26384    -0.57238      -167.86        
 700.19352    -0.61814      -168.60        
 703.1232     -0.66739      -169.29        
 706.05288    -0.71782      -169.91        
 708.98256    -0.76556      -170.47        
 711.91224    -0.80303      -170.99        
 714.84192    -0.83732      -171.50        
 717.7716     -0.86699      -172.02        
 720.70128    -0.89466      -172.49        
 723.63096    -0.91104      -172.94        
 726.56064    -0.92607      -173.41        
 729.49032    -0.94013      -173.83        
 732.42       -0.94811      -174.18        
 735.34968    -0.93523      -174.48        
 738.27936    -0.9019       -174.82        
 741.20904    -0.85791      -175.26        
 744.13872    -0.80782      -175.80        
 747.0684     -0.75718      -176.45        
 749.99808    -0.71639      -177.19        
 752.92776    -0.68338      -177.98        
 755.85744    -0.66305      -178.80        
 758.78712    -0.6511       -179.61        
 761.7168     -0.64347      179.62         
 764.64648    -0.63521      178.88         
 767.57616    -0.62395      178.16         
 770.50584    -0.60833      177.44         
 773.43552    -0.58907      176.70         
 776.3652     -0.56919      175.93         
 779.29488    -0.54795      175.14         
 782.22456    -0.52956      174.30         
 785.15424    -0.51478      173.42         
 788.08392    -0.50925      172.54         
 791.0136     -0.51201      171.69         
 793.94328    -0.51205      170.89         
 796.87296    -0.5102       170.12         
 799.80264    -0.50632      169.34         
 802.73232    -0.49705      168.53         
 805.662      -0.49284      167.67         
 808.59168    -0.48965      166.83         
 811.52136    -0.49093      166.00         
 814.45104    -0.49265      165.21         
 817.38072    -0.49129      164.41         
 820.3104     -0.49138      163.60         
 823.24008    -0.49009      162.80         
 826.16976    -0.48705      162.00         
 829.09944    -0.48194      161.20         
 832.02912    -0.47494      160.36         
 834.9588     -0.46763      159.49         
 837.88848    -0.46486      158.61         
 840.81816    -0.4638       157.73         
 843.74784    -0.46366      156.86         
 846.67752    -0.4632       155.99         
 849.6072     -0.46133      155.12         
 852.53688    -0.45895      154.23         
 855.46656    -0.45756      153.32         
 858.39624    -0.4562       152.40         
 861.32592    -0.45802      151.45         
 864.2556     -0.46109      150.51         
 867.18528    -0.46217      149.55         
 870.11496    -0.46359      148.55         
 873.04464    -0.4709       147.50         
 875.97432    -0.48548      146.43         
 878.904      -0.50811      145.36         
 881.83368    -0.53766      144.32         
 884.76336    -0.56803      143.31         
 887.69304    -0.59781      142.29         
 890.62272    -0.63183      141.25         
 893.5524     -0.66823      140.21         
 896.48208    -0.70825      139.16         
 899.41176    -0.75322      138.07         
 902.34144    -0.80886      136.94         
 905.27112    -0.87857      135.81         
 908.2008     -0.96284      134.69         
 911.13048    -1.06172      133.61         
 914.06016    -1.17679      132.58         
 916.98984    -1.30787      131.65         
 919.91952    -1.45229      130.85         
 922.8492     -1.60859      130.22         
 925.77888    -1.77089      129.82         
 928.70856    -1.92404      129.66         
 931.63824    -2.05672      129.72         
 934.56792    -2.15924      129.96         
 937.4976     -2.2278       130.31         
 940.42728    -2.258        130.67         
 943.35696    -2.25231      130.99         
 946.28664    -2.22252      131.22         
 949.21632    -2.17711      131.34         
 952.146      -2.11244      131.38         
 955.07568    -2.02666      131.30         
 958.00536    -1.92952      131.08         
 960.93504    -1.82411      130.70         
 963.86472    -1.71313      130.15         
 966.7944     -1.60923      129.42         
 969.72408    -1.5186       128.57         
 972.65376    -1.44189      127.62         
 975.58344    -1.37821      126.60         
 978.51312    -1.33006      125.57         
 981.4428     -1.29164      124.52         
 984.37248    -1.26177      123.49         
 987.30216    -1.23909      122.46         
 990.23184    -1.22638      121.43         
 993.16152    -1.21969      120.41         
 996.0912     -1.2192       119.46         
 999.02088    -1.2155       118.53         
 1001.95056   -1.2113       117.65         
 1004.88024   -1.20545      116.77         
 1007.80992   -1.19708      115.88         
 1010.7396    -1.1886       115.00         
 1013.66928   -1.1773       114.13         
 1016.59896   -1.1597       113.24         
 1019.52864   -1.13642      112.32         
 1022.45832   -1.10981      111.32         
 1025.388     -1.08642      110.25         
 1028.31768   -1.06874      109.12         
 1031.24736   -1.05976      107.95         
 1034.17704   -1.05703      106.75         
 1037.10672   -1.06474      105.52         
 1040.0364    -1.07786      104.28         
 1042.96608   -1.09583      103.06         
 1045.89576   -1.11985      101.83         
 1048.82544   -1.14861      100.62         
 1051.75512   -1.18242      99.41          
 1054.6848    -1.21519      98.22          
 1057.61448   -1.24799      97.04          
 1060.54416   -1.28437      95.79          
 1063.47384   -1.32753      94.53          
 1066.40352   -1.3881       93.24          
 1069.3332    -1.46155      92.06          
 1072.26288   -1.53813      90.95          
 1075.19256   -1.61569      89.90          
 1078.12224   -1.68745      88.91          
 1081.05192   -1.75661      87.93          
 1083.9816    -1.82712      86.96          
 1086.91128   -1.89529      85.99          
 1089.84096   -1.96398      85.02          
 1092.77064   -2.0346       84.05          
 1095.70032   -2.10534      83.11          
 1098.63      -2.17397      82.14          
 1101.55968   -2.24024      81.17          
 1104.48936   -2.30926      80.17          
 1107.41904   -2.3833       79.16          
 1110.34872   -2.46185      78.15          
 1113.2784    -2.5452       77.15          
 1116.20808   -2.63147      76.20          
 1119.13776   -2.71471      75.23          
 1122.06744   -2.80821      74.26          
 1124.99712   -2.90626      73.34          
 1127.9268    -3.00311      72.44          
 1130.85648   -3.10707      71.52          
 1133.78616   -3.21519      70.65          
 1136.71584   -3.32676      69.80          
 1139.64552   -3.45248      69.04          
 1142.5752    -3.59655      68.39          
 1145.50488   -3.74132      67.96          
 1148.43456   -3.86411      67.70          
 1151.36424   -3.9513       67.59          
 1154.29392   -4.01165      67.42          
 1157.2236    -4.03294      67.32          
 1160.15328   -4.03732      67.07          
 1163.08296   -4.01708      66.66          
 1166.01264   -3.99225      66.02          
 1168.94232   -3.96923      65.24          
 1171.872     -3.94402      64.33          
 1174.80168   -3.92502      63.26          
 1177.73136   -3.92283      62.11          
 1180.66104   -3.92315      60.91          
 1183.59072   -3.93092      59.67          
 1186.5204    -3.93245      58.37          
 1189.45008   -3.93424      56.98          
 1192.37976   -3.92879      55.49          
 1195.30944   -3.92274      53.79          
 1198.23912   -3.93986      51.87          
 1201.1688    -3.97389      49.69          
 1204.09848   -3.98617      47.47          
 1207.02816   -4.04448      45.01          
 1209.95784   -4.15575      42.40          
 1212.88752   -4.2878       39.76          
 1215.8172    -4.42249      37.08          
 1218.74688   -4.55698      34.21          
 1221.67656   -4.71734      31.16          
 1224.60624   -4.88665      27.84          
 1227.53592   -5.07588      24.19          
 1230.4656    -5.28613      20.07          
 1233.39528   -5.53094      15.47          
 1236.32496   -5.81345      10.27          
 1239.25464   -6.1436       4.30           
 1242.18432   -6.54739      -2.57          
 1245.114     -7.02989      -10.38         
 1248.04368   -7.59576      -19.26         
 1250.97336   -8.20666      -29.55         
 1253.90304   -8.79496      -41.51         
 1256.83272   -9.31156      -55.48         
 1259.7624    -9.61621      -71.51         
 1262.69208   -9.61992      -89.21         
 1265.62176   -9.23375      -107.63        
 1268.55144   -8.51122      -125.50        
 1271.48112   -7.57606      -141.99        
 1274.4108    -6.56334      -156.80        
 1277.34048   -5.57422      -170.09        
 1280.27016   -4.67903      177.93         
 1283.19984   -3.90329      167.08         
 1286.12952   -3.25992      157.18         
 1289.0592    -2.74212      148.15         
 1291.98888   -2.33905      139.91         
 1294.91856   -2.03955      132.40         
 1297.84824   -1.82438      125.56         
 1300.77792   -1.68097      119.35         
 1303.7076    -1.59426      113.70         
 1306.63728   -1.55032      108.58         
 1309.56696   -1.54244      103.91         
 1312.49664   -1.56452      99.64          
 1315.42632   -1.61468      95.77          
 1318.356     -1.68354      92.25          
 1321.28568   -1.76862      89.06          
 1324.21536   -1.86375      86.18          
 1327.14504   -1.9626       83.58          
 1330.07472   -2.06085      81.22          
 1333.0044    -2.15861      79.09          
 1335.93408   -2.25         77.15          
 1338.86376   -2.33699      75.34          
 1341.79344   -2.4286       73.70          
 1344.72312   -2.51647      72.26          
 1347.6528    -2.5877       71.03          
 1350.58248   -2.64185      69.92          
 1353.51216   -2.67423      68.90          
 1356.44184   -2.6866       67.90          
 1359.37152   -2.68183      66.83          
 1362.3012    -2.66251      65.78          
 1365.23088   -2.63973      64.71          
 1368.16056   -2.61582      63.55          
 1371.09024   -2.5951       62.37          
 1374.01992   -2.57786      61.18          
 1376.9496    -2.55922      59.98          
 1379.87928   -2.54112      58.77          
 1382.80896   -2.52987      57.53          
 1385.73864   -2.52163      56.26          
 1388.66832   -2.52559      54.99          
 1391.598     -2.53529      53.74          
 1394.52768   -2.54885      52.52          
 1397.45736   -2.56952      51.30          
 1400.38704   -2.59761      50.13          
 1403.31672   -2.62293      49.03          
 1406.2464    -2.64674      47.94          
 1409.17608   -2.67075      46.86          
 1412.10576   -2.69545      45.79          
 1415.03544   -2.71898      44.74          
 1417.96512   -2.74564      43.70          
 1420.8948    -2.772        42.67          
 1423.82448   -2.79449      41.70          
 1426.75416   -2.81138      40.73          
 1429.68384   -2.8217       39.77          
 1432.61352   -2.82149      38.77          
 1435.5432    -2.82107      37.66          
 1438.47288   -2.83502      36.52          
 1441.40256   -2.86158      35.37          
 1444.33224   -2.89087      34.25          
 1447.26192   -2.92781      33.10          
 1450.1916    -2.97505      31.96          
 1453.12128   -3.03343      30.88          
 1456.05096   -3.09255      29.84          
 1458.98064   -3.15195      28.83          
 1461.91032   -3.21304      27.80          
 1464.84      -3.27869      26.79          
 1467.76968   -3.34758      25.81          
 1470.69936   -3.41813      24.90          
 1473.62904   -3.48249      24.01          
 1476.55872   -3.54038      23.12          
 1479.4884    -3.59539      22.19          
 1482.41808   -3.6569       21.23          
 1485.34776   -3.72459      20.27          
 1488.27744   -3.79985      19.36          
 1491.20712   -3.87507      18.48          
 1494.1368    -3.95687      17.64          
 1497.06648   -4.04324      16.86          
 1499.99616   -4.13075      16.21          
 1502.92584   -4.21915      15.52          
 1505.85552   -4.29201      15.00          
 1508.7852    -4.36791      14.46          
 1511.71488   -4.44397      13.97          
 1514.64456   -4.49607      13.53          
 1517.57424   -4.54651      13.02          
 1520.50392   -4.60155      12.48          
 1523.4336    -4.66528      11.91          
 1526.36328   -4.74517      11.34          
 1529.29296   -4.84312      10.90          
 1532.22264   -4.94552      10.67          
 1535.15232   -5.0351       10.61          
 1538.082     -5.10386      10.66          
 1541.01168   -5.15444      10.82          
 1543.94136   -5.17092      11.05          
 1546.87104   -5.15544      11.25          
 1549.80072   -5.12061      11.33          
 1552.7304    -5.08093      11.35          
 1555.66008   -5.01733      11.32          
 1558.58976   -4.93735      11.19          
 1561.51944   -4.84325      10.89          
 1564.44912   -4.75057      10.43          
 1567.3788    -4.67034      9.87           
 1570.30848   -4.59365      9.32           
 1573.23816   -4.51103      8.72           
 1576.16784   -4.43145      8.01           
 1579.09752   -4.35554      7.24           
 1582.0272    -4.28048      6.41           
 1584.95688   -4.21483      5.53           
 1587.88656   -4.15885      4.57           
 1590.81624   -4.11541      3.64           
 1593.74592   -4.06811      2.72           
 1596.6756    -4.02437      1.77           
 1599.60528   -3.98427      0.76           
 1602.53496   -3.94785      -0.22          
 1605.46464   -3.91084      -1.22          
 1608.39432   -3.87381      -2.26          
 1611.324     -3.8361       -3.32          
 1614.25368   -3.80025      -4.45          
 1617.18336   -3.76585      -5.62          
 1620.11304   -3.7328       -6.88          
 1623.04272   -3.70522      -8.22          
 1625.9724    -3.68978      -9.64          
 1628.90208   -3.68904      -11.10         
 1631.83176   -3.70629      -12.59         
 1634.76144   -3.74059      -14.06         
 1637.69112   -3.78856      -15.47         
 1640.6208    -3.84427      -16.77         
 1643.55048   -3.8991       -17.99         
 1646.48016   -3.94408      -19.19         
 1649.40984   -3.98987      -20.45         
 1652.33952   -4.04378      -21.74         
 1655.2692    -4.10408      -23.02         
 1658.19888   -4.17091      -24.28         
 1661.12856   -4.24604      -25.50         
 1664.05824   -4.3178       -26.69         
 1666.98792   -4.3868       -27.89         
 1669.9176    -4.46119      -29.13         
 1672.84728   -4.54714      -30.38         
 1675.77696   -4.63847      -31.54         
 1678.70664   -4.72922      -32.70         
 1681.63632   -4.81999      -33.91         
 1684.566     -4.92288      -35.12         
 1687.49568   -5.04191      -36.30         
 1690.42536   -5.16255      -37.36         
 1693.35504   -5.27749      -38.38         
 1696.28472   -5.39495      -39.42         
 1699.2144    -5.52195      -40.43         
 1702.14408   -5.65598      -41.36         
 1705.07376   -5.7854       -42.17         
 1708.00344   -5.90965      -42.93         
 1710.93312   -6.03347      -43.63         
 1713.8628    -6.1394       -44.33         
 1716.79248   -6.24314      -45.01         
 1719.72216   -6.34708      -45.62         
 1722.65184   -6.43986      -46.13         
 1725.58152   -6.5103       -46.63         
 1728.5112    -6.56863      -47.31         
 1731.44088   -6.63426      -48.01         
 1734.37056   -6.69002      -48.55         
 1737.30024   -6.7511       -49.35         
 1740.22992   -6.79706      -50.06         
 1743.1596    -6.80547      -50.75         
 1746.08928   -6.84413      -51.72         
 1749.01896   -6.91103      -52.78         
 1751.94864   -6.96534      -53.81         
 1754.87832   -7.02567      -54.84         
 1757.808     -7.10878      -55.80         
 1760.73768   -7.15269      -56.84         
 1763.66736   -7.24332      -57.71         
 1766.59704   -7.31292      -58.63         
 1769.52672   -7.36825      -59.63         
 1772.4564    -7.42293      -60.67         
 1775.38608   -7.48043      -61.77         
 1778.31576   -7.54958      -62.88         
 1781.24544   -7.62209      -63.91         
 1784.17512   -7.67986      -64.86         
 1787.1048    -7.71542      -65.76         
 1790.03448   -7.71685      -66.73         
 1792.96416   -7.68671      -67.90         
 1795.89384   -7.6373       -69.37         
 1798.82352   -7.58293      -71.13         
 1801.7532    -7.53618      -73.16         
 1804.68288   -7.5035       -75.48         
 1807.61256   -7.49296      -78.04         
 1810.54224   -7.50883      -80.78         
 1813.47192   -7.54221      -83.67         
 1816.4016    -7.59748      -86.70         
 1819.33128   -7.66312      -89.85         
 1822.26096   -7.7432       -93.18         
 1825.19064   -7.8358       -96.72         
 1828.12032   -7.94695      -100.44        
 1831.05      -8.07329      -104.37        
 1833.97968   -8.21797      -108.47        
 1836.90936   -8.37538      -112.74        
 1839.83904   -8.53325      -117.25        
 1842.76872   -8.70107      -122.07        
 1845.6984    -8.88591      -127.17        
 1848.62808   -9.08526      -132.50        
 1851.55776   -9.28775      -138.04        
 1854.48744   -9.48316      -143.78        
 1857.41712   -9.65784      -149.71        
 1860.3468    -9.79587      -155.86        
 1863.27648   -9.88694      -162.30        
 1866.20616   -9.93923      -169.05        
 1869.13584   -9.95455      -176.03        
 1872.06552   -9.91656      176.87         
 1874.9952    -9.82442      169.60         
 1877.92488   -9.68492      162.25         
 1880.85456   -9.50526      154.90         
 1883.78424   -9.29057      147.68         
 1886.71392   -9.03006      140.66         
 1889.6436    -8.73357      133.86         
 1892.57328   -8.40613      127.22         
 1895.50296   -8.06065      120.82         
 1898.43264   -7.70835      114.68         
 1901.36232   -7.34623      108.87         
 1904.292     -6.97184      103.35         
 1907.22168   -6.58727      98.05          
 1910.15136   -6.20594      92.95          
 1913.08104   -5.82694      88.08          
 1916.01072   -5.45124      83.41          
 1918.9404    -5.07908      78.87          
 1921.87008   -4.7112       74.45          
 1924.79976   -4.35503      70.11          
 1927.72944   -4.01456      65.87          
 1930.65912   -3.68908      61.72          
 1933.5888    -3.37819      57.66          
 1936.51848   -3.0806       53.69          
 1939.44816   -2.7994       49.78          
 1942.37784   -2.53559      45.96          
 1945.30752   -2.28741      42.24          
 1948.2372    -2.0528       38.56          
 1951.16688   -1.83541      34.96          
 1954.09656   -1.63405      31.42          
 1957.02624   -1.44793      27.94          
 1959.95592   -1.28167      24.53          
 1962.8856    -1.13208      21.19          
 1965.81528   -0.9976       17.93          
 1968.74496   -0.87995      14.74          
 1971.67464   -0.77628      11.64          
 1974.60432   -0.68671      8.61           
 1977.534     -0.60955      5.67           
 1980.46368   -0.54329      2.81           
 1983.39336   -0.48684      0.03           
 1986.32304   -0.44064      -2.67          
 1989.25272   -0.40159      -5.29          
 1992.1824    -0.37183      -7.83          
 1995.11208   -0.34749      -10.31         
 1998.04176   -0.32833      -12.70         
 2000.97144   -0.31424      -15.03         
 2003.90112   -0.30464      -17.29         
 2006.8308    -0.30005      -19.49         
 2009.76048   -0.29753      -21.64         
 2012.69016   -0.29901      -23.73         
 2015.61984   -0.30346      -25.77         
 2018.54952   -0.31159      -27.78         
 2021.4792    -0.3211       -29.72         
 2024.40888   -0.33332      -31.63         
 2027.33856   -0.34717      -33.48         
 2030.26824   -0.36333      -35.32         
 2033.19792   -0.38128      -37.11         
 2036.1276    -0.40086      -38.87         
 2039.05728   -0.42193      -40.61         
 2041.98696   -0.44237      -42.31         
 2044.91664   -0.46606      -43.98         
 2047.84632   -0.48985      -45.62         
 2050.776     -0.51549      -47.24         
 2053.70568   -0.54117      -48.84         
 2056.63536   -0.56686      -50.40         
 2059.56504   -0.59392      -51.94         
 2062.49472   -0.62116      -53.45         
 2065.4244    -0.65006      -54.95         
 2068.35408   -0.68032      -56.43         
 2071.28376   -0.71065      -57.88         
 2074.21344   -0.74111      -59.32         
 2077.14312   -0.77064      -60.75         
 2080.0728    -0.80314      -62.17         
 2083.00248   -0.83534      -63.57         
 2085.93216   -0.86948      -64.94         
 2088.86184   -0.90445      -66.29         
 2091.79152   -0.93852      -67.62         
 2094.7212    -0.97333      -68.94         
 2097.65088   -1.0082       -70.25         
 2100.58056   -1.04447      -71.55         
 2103.51024   -1.08323      -72.82         
 2106.43992   -1.12471      -74.08         
 2109.3696    -1.16747      -75.30         
 2112.29928   -1.20818      -76.49         
 2115.22896   -1.24778      -77.66         
 2118.15864   -1.2863       -78.82         
 2121.08832   -1.3238       -79.96         
 2124.018     -1.36098      -81.08         
 2126.94768   -1.39759      -82.19         
 2129.87736   -1.43347      -83.26         
 2132.80704   -1.46624      -84.31         
 2135.73672   -1.49339      -85.35         
 2138.6664    -1.51811      -86.40         
 2141.59608   -1.54377      -87.46         
 2144.52576   -1.56527      -88.50         
 2147.45544   -1.58784      -89.56         
 2150.38512   -1.60971      -90.60         
 2153.3148    -1.63002      -91.64         
 2156.24448   -1.64776      -92.68         
 2159.17416   -1.66504      -93.72         
 2162.10384   -1.68182      -94.75         
 2165.03352   -1.69644      -95.79         
 2167.9632    -1.70825      -96.84         
 2170.89288   -1.71842      -97.90         
 2173.82256   -1.72922      -98.98         
 2176.75224   -1.74064      -100.06        
 2179.68192   -1.75575      -101.16        
 2182.6116    -1.77026      -102.26        
 2185.54128   -1.78466      -103.35        
 2188.47096   -1.80083      -104.45        
 2191.40064   -1.81533      -105.53        
 2194.33032   -1.83016      -106.65        
 2197.26      -1.84545      -107.78        
 2200.18968   -1.86299      -108.92        
 2203.11936   -1.88324      -110.07        
 2206.04904   -1.90517      -111.20        
 2208.97872   -1.92825      -112.35        
 2211.9084    -1.95365      -113.50        
 2214.83808   -1.98176      -114.64        
 2217.76776   -2.00851      -115.76        
 2220.69744   -2.03516      -116.90        
 2223.62712   -2.06436      -118.06        
 2226.5568    -2.09735      -119.22        
 2229.48648   -2.13133      -120.37        
 2232.41616   -2.16582      -121.52        
 2235.34584   -2.20293      -122.67        
 2238.27552   -2.24067      -123.82        
 2241.2052    -2.2789       -124.96        
 2244.13488   -2.31872      -126.11        
 2247.06456   -2.36088      -127.26        
 2249.99424   -2.40612      -128.39        
 2252.92392   -2.45033      -129.51        
 2255.8536    -2.49381      -130.62        
 2258.78328   -2.53625      -131.71        
 2261.71296   -2.57696      -132.81        
 2264.64264   -2.61877      -133.93        
 2267.57232   -2.66077      -135.06        
 2270.502     -2.70845      -136.18        
 2273.43168   -2.75747      -137.28        
 2276.36136   -2.80567      -138.36        
 2279.29104   -2.85348      -139.42        
 2282.22072   -2.90057      -140.48        
 2285.1504    -2.9474       -141.54        
 2288.08008   -2.99635      -142.58        
 2291.00976   -3.04405      -143.60        
 2293.93944   -3.0897       -144.59        
 2296.86912   -3.12896      -145.59        
 2299.7988    -3.16195      -146.58        
 2302.72848   -3.19355      -147.61        
 2305.65816   -3.22445      -148.67        
 2308.58784   -3.25098      -149.75        
 2311.51752   -3.27992      -150.85        
 2314.4472    -3.30963      -151.97        
 2317.37688   -3.34243      -153.10        
 2320.30656   -3.37909      -154.23        
 2323.23624   -3.42382      -155.37        
 2326.16592   -3.47263      -156.47        
 2329.0956    -3.52178      -157.54        
 2332.02528   -3.56904      -158.59        
 2334.95496   -3.61052      -159.64        
 2337.88464   -3.65377      -160.67        
 2340.81432   -3.69359      -161.70        
 2343.744     -3.72809      -162.73        
 2346.67368   -3.75641      -163.79        
 2349.60336   -3.78418      -164.89        
 2352.53304   -3.81729      -166.02        
 2355.46272   -3.8526       -167.17        
 2358.3924    -3.8871       -168.32        
 2361.32208   -3.92368      -169.49        
 2364.25176   -3.96362      -170.66        
 2367.18144   -4.00377      -171.83        
 2370.11112   -4.04214      -173.00        
 2373.0408    -4.07737      -174.19        
 2375.97048   -4.11429      -175.42        
 2378.90016   -4.15475      -176.66        
 2381.82984   -4.19752      -177.90        
 2384.75952   -4.23962      -179.15        
 2387.6892    -4.27827      179.58         
 2390.61888   -4.31655      178.28         
 2393.54856   -4.35569      176.93         
 2396.47824   -4.39957      175.50         
 2399.40792   -4.45416      174.05         
 2402.3376    -4.51457      172.60         
 2405.26728   -4.58243      171.16         
 2408.19696   -4.65412      169.76         
 2411.12664   -4.72294      168.36         
 2414.05632   -4.79029      166.95         
 2416.986     -4.85826      165.51         
 2419.91568   -4.92769      164.06         
 2422.84536   -4.99797      162.58         
 2425.77504   -5.0716       161.12         
 2428.70472   -5.14402      159.63         
 2431.6344    -5.21338      158.13         
 2434.56408   -5.28681      156.61         
 2437.49376   -5.35751      155.04         
 2440.42344   -5.43306      153.42         
 2443.35312   -5.51169      151.84         
 2446.2828    -5.59209      150.23         
 2449.21248   -5.67378      148.58         
 2452.14216   -5.7618       146.94         
 2455.07184   -5.85191      145.30         
 2458.00152   -5.93735      143.65         
 2460.9312    -6.02277      141.94         
 2463.86088   -6.10771      140.22         
 2466.79056   -6.19658      138.48         
 2469.72024   -6.28812      136.72         
 2472.64992   -6.37764      134.94         
 2475.5796    -6.46742      133.11         
 2478.50928   -6.556        131.27         
 2481.43896   -6.64557      129.37         
 2484.36864   -6.74125      127.44         
 2487.29832   -6.83888      125.48         
 2490.228     -6.93657      123.51         
 2493.15768   -7.03741      121.49         
 2496.08736   -7.14254      119.47         
 2499.01704   -7.24718      117.43         
 2501.94672   -7.34948      115.37         
 2504.8764    -7.44883      113.30         
 2507.80608   -7.54597      111.17         
 2510.73576   -7.64209      108.96         
 2513.66544   -7.74493      106.74         
 2516.59512   -7.84762      104.51         
 2519.5248    -7.94061      102.32         
 2522.45448   -8.01992      100.02         
 2525.38416   -8.09448      97.68          
 2528.31384   -8.16487      95.29          
 2531.24352   -8.21902      92.79          
 2534.1732    -8.27         90.17          
 2537.10288   -8.31792      87.46          
 2540.03256   -8.36386      84.67          
 2542.96224   -8.40934      81.79          
 2545.89192   -8.447        78.85          
 2548.8216    -8.47651      75.84          
 2551.75128   -8.49695      72.77          
 2554.68096   -8.5009       69.54          
 2557.61064   -8.50269      66.20          
 2560.54032   -8.49839      62.77          
 2563.47      -8.4964       59.27          
 2566.39968   -8.4826       55.77          
 2569.32936   -8.45191      52.21          
 2572.25904   -8.40423      48.61          
 2575.18872   -8.32864      44.92          
 2578.1184    -8.24476      41.08          
 2581.04808   -8.15034      37.15          
 2583.97776   -8.04536      33.16          
 2586.90744   -7.92722      29.13          
 2589.83712   -7.80058      25.02          
 2592.7668    -7.67161      20.91          
 2595.69648   -7.52869      16.80          
 2598.62616   -7.36795      12.68          
 2601.55584   -7.19971      8.52           
 2604.48552   -7.02476      4.32           
 2607.4152    -6.84705      0.12           
 2610.34488   -6.66968      -4.06          
 2613.27456   -6.49307      -8.19          
 2616.20424   -6.31001      -12.21         
 2619.13392   -6.1161       -16.20         
 2622.0636    -5.92038      -20.16         
 2624.99328   -5.71961      -24.07         
 2627.92296   -5.51767      -27.92         
 2630.85264   -5.30837      -31.74         
 2633.78232   -5.09912      -35.57         
 2636.712     -4.89904      -39.35         
 2639.64168   -4.70465      -43.09         
 2642.57136   -4.51371      -46.77         
 2645.50104   -4.32911      -50.41         
 2648.43072   -4.1546       -53.99         
 2651.3604    -3.9884       -57.50         
 2654.29008   -3.82822      -60.89         
 2657.21976   -3.66577      -64.18         
 2660.14944   -3.50307      -67.45         
 2663.07912   -3.34173      -70.68         
 2666.0088    -3.18364      -73.90         
 2668.93848   -3.03597      -77.11         
 2671.86816   -2.89697      -80.27         
 2674.79784   -2.76635      -83.36         
 2677.72752   -2.64168      -86.40         
 2680.6572    -2.52412      -89.40         
 2683.58688   -2.41208      -92.36         
 2686.51656   -2.30648      -95.27         
 2689.44624   -2.20563      -98.12         
 2692.37592   -2.11341      -100.92        
 2695.3056    -2.0254       -103.69        
 2698.23528   -1.94414      -106.41        
 2701.16496   -1.86641      -109.08        
 2704.09464   -1.79647      -111.71        
 2707.02432   -1.73039      -114.30        
 2709.954     -1.66763      -116.85        
 2712.88368   -1.60914      -119.36        
 2715.81336   -1.55633      -121.84        
 2718.74304   -1.50923      -124.30        
 2721.67272   -1.46749      -126.69        
 2724.6024    -1.4299       -129.06        
 2727.53208   -1.39699      -131.38        
 2730.46176   -1.36702      -133.66        
 2733.39144   -1.34027      -135.90        
 2736.32112   -1.31748      -138.09        
 2739.2508    -1.29805      -140.24        
 2742.18048   -1.28198      -142.36        
 2745.11016   -1.26741      -144.45        
 2748.03984   -1.25604      -146.48        
 2750.96952   -1.24719      -148.48        
 2753.8992    -1.24087      -150.46        
 2756.82888   -1.23349      -152.38        
 2759.75856   -1.23025      -154.29        
 2762.68824   -1.22542      -156.15        
 2765.61792   -1.22479      -157.98        
 2768.5476    -1.22387      -159.76        
 2771.47728   -1.22691      -161.54        
 2774.40696   -1.22979      -163.26        
 2777.33664   -1.23221      -164.97        
 2780.26632   -1.23707      -166.66        
 2783.196     -1.24322      -168.31        
 2786.12568   -1.24831      -169.93        
 2789.05536   -1.25737      -171.53        
 2791.98504   -1.26458      -173.10        
 2794.91472   -1.27352      -174.67        
 2797.8444    -1.28298      -176.20        
 2800.77408   -1.29361      -177.71        
 2803.70376   -1.30333      -179.19        
 2806.63344   -1.31544      179.35         
 2809.56312   -1.326        177.91         
 2812.4928    -1.33734      176.48         
 2815.42248   -1.3517       175.09         
 2818.35216   -1.36506      173.71         
 2821.28184   -1.37838      172.36         
 2824.21152   -1.39163      171.01         
 2827.1412    -1.40579      169.68         
 2830.07088   -1.42063      168.36         
 2833.00056   -1.43511      167.06         
 2835.93024   -1.45014      165.77         
 2838.85992   -1.46769      164.48         
 2841.7896    -1.48068      163.21         
 2844.71928   -1.49585      161.96         
 2847.64896   -1.51102      160.72         
 2850.57864   -1.52553      159.47         
 2853.50832   -1.54072      158.23         
 2856.438     -1.55543      157.02         
 2859.36768   -1.57041      155.82         
 2862.29736   -1.58512      154.63         
 2865.22704   -1.59951      153.46         
 2868.15672   -1.61602      152.28         
 2871.0864    -1.63125      151.13         
 2874.01608   -1.64499      150.00         
 2876.94576   -1.65926      148.88         
 2879.87544   -1.67009      147.77         
 2882.80512   -1.68053      146.65         
 2885.7348    -1.68975      145.55         
 2888.66448   -1.70045      144.45         
 2891.59416   -1.70991      143.35         
 2894.52384   -1.71869      142.25         
 2897.45352   -1.72834      141.16         
 2900.3832    -1.7391       140.06         
 2903.31288   -1.75055      138.96         
 2906.24256   -1.76194      137.88         
 2909.17224   -1.77227      136.79         
 2912.10192   -1.78632      135.71         
 2915.0316    -1.80105      134.64         
 2917.96128   -1.81552      133.58         
 2920.89096   -1.82702      132.55         
 2923.82064   -1.83687      131.51         
 2926.75032   -1.84727      130.49         
 2929.68      -1.85408      129.48         
 2932.60968   -1.86133      128.46         
 2935.53936   -1.86673      127.43         
 2938.46904   -1.87615      126.42         
 2941.39872   -1.88299      125.42         
 2944.3284    -1.88828      124.41         
 2947.25808   -1.89503      123.41         
 2950.18776   -1.90115      122.42         
 2953.11744   -1.90954      121.42         
 2956.04712   -1.91592      120.44         
 2958.9768    -1.92027      119.46         
 2961.90648   -1.9244       118.48         
 2964.83616   -1.92858      117.50         
 2967.76584   -1.93477      116.50         
 2970.69552   -1.94257      115.50         
 2973.6252    -1.95019      114.52         
 2976.55488   -1.95823      113.54         
 2979.48456   -1.96711      112.57         
 2982.41424   -1.97398      111.61         
 2985.34392   -1.97978      110.64         
 2988.2736    -1.98594      109.67         
 2991.20328   -1.98828      108.71         
 2994.13296   -1.99425      107.77         
 2997.06264   -1.99708      106.82         
 2999.99232   -1.99925      105.86         
 3002.922     -2.00319      104.90         
 3005.85168   -2.00784      103.95         
 3008.78136   -2.00951      103.01         
 3011.71104   -2.00995      102.06         
 3014.64072   -2.01183      101.11         
 3017.5704    -2.01733      100.18         
 3020.50008   -2.02155      99.23          
 3023.42976   -2.02579      98.28          
 3026.35944   -2.03044      97.35          
 3029.28912   -2.03305      96.41          
 3032.2188    -2.03639      95.45          
 3035.14848   -2.04009      94.49          
 3038.07816   -2.04814      93.54          
 3041.00784   -2.05483      92.59          
 3043.93752   -2.06095      91.63          
 3046.8672    -2.07092      90.69          
 3049.79688   -2.07996      89.75          
 3052.72656   -2.08911      88.86          
 3055.65624   -2.09418      87.97          
 3058.58592   -2.09346      87.06          
 3061.5156    -2.09147      86.13          
 3064.44528   -2.08931      85.18          
 3067.37496   -2.08894      84.23          
 3070.30464   -2.08845      83.28          
 3073.23432   -2.08985      82.33          
 3076.164     -2.09181      81.39          
 3079.09368   -2.09321      80.44          
 3082.02336   -2.09435      79.48          
 3084.95304   -2.09448      78.52          
 3087.88272   -2.09753      77.55          
 3090.8124    -2.10277      76.58          
 3093.74208   -2.10914      75.62          
 3096.67176   -2.11407      74.67          
 3099.60144   -2.1165       73.73          
 3102.53112   -2.1199       72.78          
 3105.4608    -2.12083      71.82          
 3108.39048   -2.12383      70.85          
 3111.32016   -2.12519      69.88          
 3114.24984   -2.13027      68.91          
 3117.17952   -2.13612      67.94          
 3120.1092    -2.13804      66.98          
 3123.03888   -2.13915      66.03          
 3125.96856   -2.13846      65.07          
 3128.89824   -2.13791      64.10          
 3131.82792   -2.13643      63.11          
 3134.7576    -2.13456      62.13          
 3137.68728   -2.1335       61.13          
 3140.61696   -2.1326       60.12          
 3143.54664   -2.13098      59.11          
 3146.47632   -2.13002      58.09          
 3149.406     -2.12977      57.07          
 3152.33568   -2.13078      56.04          
 3155.26536   -2.13173      55.01          
 3158.19504   -2.13435      53.97          
 3161.12472   -2.14         52.92          
 3164.0544    -2.14763      51.88          
 3166.98408   -2.1564       50.83          
 3169.91376   -2.16629      49.82          
 3172.84344   -2.17974      48.81          
 3175.77312   -2.18678      47.82          
 3178.7028    -2.19237      46.84          
 3181.63248   -2.19514      45.85          
 3184.56216   -2.19581      44.86          
 3187.49184   -2.19461      43.84          
 3190.42152   -2.1942       42.80          
 3193.3512    -2.19388      41.75          
 3196.28088   -2.19229      40.67          
 3199.21056   -2.19585      39.58          
 3202.14024   -2.20281      38.51          
 3205.06992   -2.20755      37.44          
 3207.9996    -2.2112       36.38          
 3210.92928   -2.21457      35.30          
 3213.85896   -2.21804      34.21          
 3216.78864   -2.22308      33.10          
 3219.71832   -2.22936      31.97          
 3222.648     -2.23808      30.83          
 3225.57768   -2.2478       29.67          
 3228.50736   -2.26014      28.51          
 3231.43704   -2.2764       27.35          
 3234.36672   -2.29282      26.20          
 3237.2964    -2.30899      25.06          
 3240.22608   -2.32409      23.91          
 3243.15576   -2.34184      22.77          
 3246.08544   -2.35683      21.64          
 3249.01512   -2.36693      20.50          
 3251.9448    -2.3801       19.34          
 3254.87448   -2.39278      18.17          
 3257.80416   -2.40402      17.00          
 3260.73384   -2.41647      15.82          
 3263.66352   -2.42798      14.63          
 3266.5932    -2.43905      13.43          
 3269.52288   -2.45062      12.19          
 3272.45256   -2.46414      10.92          
 3275.38224   -2.48397      9.66           
 3278.31192   -2.50241      8.37           
 3281.2416    -2.52605      7.11           
 3284.17128   -2.54846      5.84           
 3287.10096   -2.57175      4.56           
 3290.03064   -2.59234      3.28           
 3292.96032   -2.61181      1.99           
 3295.89      -2.6305       0.67           
 3298.81968   -2.64973      -0.65          
 3301.74936   -2.66862      -2.00          
 3304.67904   -2.69026      -3.36          
 3307.60872   -2.70905      -4.76          
 3310.5384    -2.73149      -6.18          
 3313.46808   -2.75668      -7.62          
 3316.39776   -2.78277      -9.08          
 3319.32744   -2.81057      -10.56         
 3322.25712   -2.84153      -12.06         
 3325.1868    -2.87364      -13.54         
 3328.11648   -2.90558      -15.06         
 3331.04616   -2.93943      -16.60         
 3333.97584   -2.96955      -18.14         
 3336.90552   -3.00108      -19.74         
 3339.8352    -3.03532      -21.35         
 3342.76488   -3.07374      -22.99         
 3345.69456   -3.11289      -24.65         
 3348.62424   -3.15609      -26.33         
 3351.55392   -3.19432      -28.03         
 3354.4836    -3.23505      -29.77         
 3357.41328   -3.27244      -31.56         
 3360.34296   -3.31087      -33.42         
 3363.27264   -3.35327      -35.30         
 3366.20232   -3.39316      -37.25         
 3369.132     -3.43459      -39.25         
 3372.06168   -3.47705      -41.32         
 3374.99136   -3.52431      -43.45         
 3377.92104   -3.57502      -45.67         
 3380.85072   -3.63565      -47.92         
 3383.7804    -3.6951       -50.23         
 3386.71008   -3.76258      -52.58         
 3389.63976   -3.83284      -54.98         
 3392.56944   -3.90837      -57.44         
 3395.49912   -3.98092      -59.98         
 3398.4288    -4.06576      -62.58         
 3401.35848   -4.1572       -65.24         
 3404.28816   -4.25714      -67.90         
 3407.21784   -4.36148      -70.61         
 3410.14752   -4.46402      -73.38         
 3413.0772    -4.56468      -76.22         
 3416.00688   -4.66327      -79.19         
 3418.93656   -4.76436      -82.26         
 3421.86624   -4.86913      -85.46         
 3424.79592   -4.97591      -88.71         
 3427.7256    -5.07846      -92.05         
 3430.65528   -5.18202      -95.53         
 3433.58496   -5.28642      -99.15         
 3436.51464   -5.38612      -102.88        
 3439.44432   -5.48219      -106.74        
 3442.374     -5.56992      -110.72        
 3445.30368   -5.64974      -114.86        
 3448.23336   -5.72473      -119.15        
 3451.16304   -5.79371      -123.58        
 3454.09272   -5.85504      -128.19        
 3457.0224    -5.90796      -132.96        
 3459.95208   -5.95427      -137.84        
 3462.88176   -5.99052      -142.83        
 3465.81144   -6.00893      -147.91        
 3468.74112   -6.015        -153.08        
 3471.6708    -5.99804      -158.34        
 3474.60048   -5.95735      -163.69        
 3477.53016   -5.89641      -169.11        
 3480.45984   -5.81947      -174.60        
 3483.38952   -5.72393      179.90         
 3486.3192    -5.61627      174.38         
 3489.24888   -5.49322      168.87         
 3492.17856   -5.35384      163.40         
 3495.10824   -5.20646      157.98         
 3498.03792   -5.04835      152.61         
 3500.9676    -4.88471      147.34         
 3503.89728   -4.71473      142.13         
 3506.82696   -4.53922      137.04         
 3509.75664   -4.36035      132.06         
 3512.68632   -4.18079      127.19         
 3515.616     -3.99912      122.43         
 3518.54568   -3.81926      117.78         
 3521.47536   -3.64152      113.26         
 3524.40504   -3.46693      108.83         
 3527.33472   -3.29353      104.52         
 3530.2644    -3.12626      100.35         
 3533.19408   -2.96575      96.28          
 3536.12376   -2.80972      92.32          
 3539.05344   -2.66217      88.46          
 3541.98312   -2.52158      84.72          
 3544.9128    -2.38838      81.07          
 3547.84248   -2.26204      77.54          
 3550.77216   -2.12379      74.50          
 3553.70184   -2.00959      71.14          
 3556.63152   -1.90363      67.88          
 3559.5612    -1.80309      64.69          
 3562.49088   -1.70866      61.59          
 3565.42056   -1.61967      58.56          
 3568.35024   -1.53598      55.62          
 3571.27992   -1.45866      52.74          
 3574.2096    -1.3853       49.94          
 3577.13928   -1.31777      47.21          
 3580.06896   -1.25479      44.53          
 3582.99864   -1.19525      41.93          
 3585.92832   -1.14036      39.39          
 3588.858     -1.08946      36.90          
 3591.78768   -1.04207      34.47          
 3594.71736   -0.99867      32.11          
 3597.64704   -0.95837      29.78          
 3600.57672   -0.92297      27.51          
 3603.5064    -0.88924      25.28          
 3606.43608   -0.85775      23.10          
 3609.36576   -0.83002      20.98          
 3612.29544   -0.80569      18.88          
 3615.22512   -0.78231      16.83          
 3618.1548    -0.76168      14.83          
 3621.08448   -0.7445       12.84          
 3624.01416   -0.72765      10.91          
 3626.94384   -0.71227      9.01           
 3629.87352   -0.69777      7.14           
 3632.8032    -0.68163      5.27           
 3635.73288   -0.67215      3.46           
 3638.66256   -0.66299      1.69           
 3641.59224   -0.65865      -0.04          
 3644.52192   -0.6507       -1.74          
 3647.4516    -0.64776      -3.42          
 3650.38128   -0.64336      -5.07          
 3653.31096   -0.63967      -6.69          
 3656.24064   -0.63836      -8.31          
 3659.17032   -0.63901      -9.89          
 3662.1       -0.64076      -11.46         
 3665.02968   -0.64164      -13.00         
 3667.95936   -0.64514      -14.52         
 3670.88904   -0.64923      -16.02         
 3673.81872   -0.6529       -17.49         
 3676.7484    -0.65588      -18.95         
 3679.67808   -0.65904      -20.37         
 3682.60776   -0.66398      -21.81         
 3685.53744   -0.66888      -23.21         
 3688.46712   -0.67406      -24.60         
 3691.3968    -0.68095      -25.98         
 3694.32648   -0.68563      -27.35         
 3697.25616   -0.69145      -28.69         
 3700.18584   -0.69733      -30.04         
 3703.11552   -0.70803      -31.39         
 3706.0452    -0.71946      -32.69         
 3708.97488   -0.73395      -33.97         
 3711.90456   -0.74807      -35.23         
 3714.83424   -0.76045      -36.48         
 3717.76392   -0.77291      -37.72         
 3720.6936    -0.78551      -38.96         
 3723.62328   -0.79873      -40.20         
 3726.55296   -0.81484      -41.43         
 3729.48264   -0.83345      -42.64         
 3732.41232   -0.85018      -43.83         
 3735.342     -0.86716      -45.01         
 3738.27168   -0.8812       -46.17         
 3741.20136   -0.89405      -47.34         
 3744.13104   -0.90699      -48.51         
 3747.06072   -0.92038      -49.68         
 3749.9904    -0.93499      -50.84         
 3752.92008   -0.94956      -51.99         
 3755.84976   -0.96381      -53.15         
 3758.77944   -0.97791      -54.30         
 3761.70912   -0.99419      -55.45         
 3764.6388    -1.01158      -56.59         
 3767.56848   -1.02704      -57.72         
 3770.49816   -1.04517      -58.85         
 3773.42784   -1.06357      -59.95         
 3776.35752   -1.07726      -61.04         
 3779.2872    -1.09346      -62.14         
 3782.21688   -1.10874      -63.24         
 3785.14656   -1.12698      -64.32         
 3788.07624   -1.14325      -65.41         
 3791.00592   -1.15814      -66.49         
 3793.9356    -1.17182      -67.57         
 3796.86528   -1.18737      -68.68         
 3799.79496   -1.20593      -69.78         
 3802.72464   -1.22713      -70.88         
 3805.65432   -1.24618      -71.96         
 3808.584     -1.264        -73.06         
 3811.51368   -1.28576      -74.14         
 3814.44336   -1.30661      -75.23         
 3817.37304   -1.32938      -76.32         
 3820.30272   -1.35286      -77.40         
 3823.2324    -1.37465      -78.47         
 3826.16208   -1.3993       -79.53         
 3829.09176   -1.42324      -80.61         
 3832.02144   -1.44775      -81.66         
 3834.95112   -1.47343      -82.71         
 3837.8808    -1.49922      -83.75         
 3840.81048   -1.52787      -84.79         
 3843.74016   -1.55302      -85.82         
 3846.66984   -1.58119      -86.85         
 3849.59952   -1.60948      -87.89         
 3852.5292    -1.64341      -88.89         
 3855.45888   -1.67626      -89.91         
 3858.38856   -1.71093      -90.90         
 3861.31824   -1.74632      -91.87         
 3864.24792   -1.77774      -92.84         
 3867.1776    -1.81182      -93.81         
 3870.10728   -1.84778      -94.78         
 3873.03696   -1.88526      -95.76         
 3875.96664   -1.92382      -96.67         
 3878.89632   -1.9595       -97.58         
 3881.826     -1.99001      -98.49         
 3884.75568   -2.02284      -99.39         
 3887.68536   -2.0496       -100.29        
 3890.61504   -2.07444      -101.19        
 3893.54472   -2.09644      -102.11        
 3896.4744    -2.12064      -103.04        
 3899.40408   -2.14512      -103.98        
 3902.33376   -2.17128      -104.90        
 3905.26344   -2.19726      -105.83        
 3908.19312   -2.22394      -106.75        
 3911.1228    -2.25198      -107.65        
 3914.05248   -2.2792       -108.56        
 3916.98216   -2.30692      -109.44        
 3919.91184   -2.33         -110.32        
 3922.84152   -2.34936      -111.20        
 3925.7712    -2.36826      -112.11        
 3928.70088   -2.38397      -113.04        
 3931.63056   -2.40292      -114.02        
 3934.56024   -2.42524      -114.98        
 3937.48992   -2.44778      -115.95        
 3940.4196    -2.47173      -116.92        
 3943.34928   -2.49279      -117.87        
 3946.27896   -2.51369      -118.85        
 3949.20864   -2.53403      -119.84        
 3952.13832   -2.55619      -120.86        
 3955.068     -2.58063      -121.89        
 3957.99768   -2.60905      -122.92        
 3960.92736   -2.63842      -123.96        
 3963.85704   -2.66946      -125.00        
 3966.78672   -2.7057       -126.04        
 3969.7164    -2.74364      -127.05        
 3972.64608   -2.78168      -128.03        
 3975.57576   -2.81738      -129.04        
 3978.50544   -2.84933      -130.03        
 3981.43512   -2.88641      -131.05        
 3984.3648    -2.92347      -132.05        
 3987.29448   -2.96335      -133.06        
 3990.22416   -3.00498      -134.06        
 3993.15384   -3.04378      -135.06        
 3996.08352   -3.0844       -136.07        
 3999.0132    -3.12729      -137.08        
 4001.94288   -3.17449      -138.09        
 4004.87256   -3.2212       -139.09        
 4007.80224   -3.26549      -140.08        
 4010.73192   -3.31139      -141.09        
 4013.6616    -3.3569       -142.09        
 4016.59128   -3.40198      -143.11        
 4019.52096   -3.4513       -144.14        
 4022.45064   -3.50023      -145.18        
 4025.38032   -3.55324      -146.23        
 4028.31      -3.6104       -147.27        
 4031.23968   -3.66775      -148.30        
 4034.16936   -3.72513      -149.31        
 4037.09904   -3.78385      -150.30        
 4040.02872   -3.84122      -151.30        
 4042.9584    -3.89692      -152.33        
 4045.88808   -3.95763      -153.36        
 4048.81776   -4.0211       -154.39        
 4051.74744   -4.08616      -155.41        
 4054.67712   -4.15059      -156.42        
 4057.6068    -4.21576      -157.42        
 4060.53648   -4.28018      -158.42        
 4063.46616   -4.34207      -159.44        
 4066.39584   -4.40466      -160.48        
 4069.32552   -4.47003      -161.53        
 4072.2552    -4.53454      -162.59        
 4075.18488   -4.60321      -163.63        
 4078.11456   -4.67101      -164.67        
 4081.04424   -4.73457      -165.72        
 4083.97392   -4.79846      -166.79        
 4086.9036    -4.86087      -167.85        
 4089.83328   -4.91743      -168.93        
 4092.76296   -4.96912      -170.09        
 4095.69264   -5.02521      -171.31        
 4098.62232   -5.08847      -172.56        
 4101.552     -5.15386      -173.84        
 4104.48168   -5.22312      -175.16        
 4107.41136   -5.29746      -176.45        
 4110.34104   -5.37327      -177.78        
 4113.27072   -5.44761      -179.10        
 4116.2004    -5.51776      179.52         
 4119.13008   -5.59279      178.11         
 4122.05976   -5.6661       176.62         
 4124.98944   -5.74057      175.10         
 4127.91912   -5.81806      173.51         
 4130.8488    -5.89801      171.84         
 4133.77848   -5.98678      170.12         
 4136.70816   -6.078        168.32         
 4139.63784   -6.17509      166.44         
 4142.56752   -6.28558      164.48         
 4145.4972    -6.40929      162.48         
 4148.42688   -6.53635      160.46         
 4151.35656   -6.66735      158.39         
 4154.28624   -6.80028      156.25         
 4157.21592   -6.93912      154.01         
 4160.1456    -7.0835       151.67         
 4163.07528   -7.23948      149.22         
 4166.00496   -7.40794      146.66         
 4168.93464   -7.58496      144.02         
 4171.86432   -7.77152      141.27         
 4174.794     -7.96824      138.37         
 4177.72368   -8.17508      135.40         
 4180.65336   -8.37984      132.33         
 4183.58304   -8.58285      129.04         
 4186.51272   -8.78696      125.52         
 4189.4424    -8.99731      121.76         
 4192.37208   -9.20876      117.77         
 4195.30176   -9.41399      113.51         
 4198.23144   -9.60814      108.91         
 4201.16112   -9.79993      103.91         
 4204.0908    -9.9911       98.55          
 4207.02048   -10.17328     92.87          
 4209.95016   -10.33127     86.87          
 4212.87984   -10.45756     80.50          
 4215.80952   -10.54068     73.86          
 4218.7392    -10.56469     66.91          
 4221.66888   -10.52621     59.67          
 4224.59856   -10.42338     52.17          
 4227.52824   -10.25985     44.53          
 4230.45792   -10.0341      36.86          
 4233.3876    -9.74924      29.28          
 4236.31728   -9.40996      21.83          
 4239.24696   -9.01986      14.58          
 4242.17664   -8.58805      7.58           
 4245.10632   -8.12343      0.78           
 4248.036     -7.64655      -5.82          
 4250.96568   -7.16474      -12.21         
 4253.89536   -6.691        -18.35         
 4256.82504   -6.22832      -24.27         
 4259.75472   -5.77733      -29.97         
 4262.6844    -5.34252      -35.47         
 4265.61408   -4.92741      -40.82         
 4268.54376   -4.53519      -46.01         
 4271.47344   -4.16869      -51.07         
 4274.40312   -3.8322       -55.95         
 4277.3328    -3.52054      -60.66         
 4280.26248   -3.23496      -65.24         
 4283.19216   -2.97079      -69.66         
 4286.12184   -2.72949      -73.96         
 4289.05152   -2.51676      -78.12         
 4291.9812    -2.32838      -82.15         
 4294.91088   -2.15935      -86.05         
 4297.84056   -2.01114      -89.80         
 4300.77024   -1.88295      -93.40         
 4303.69992   -1.77001      -96.89         
 4306.6296    -1.67411      -100.25        
 4309.55928   -1.59271      -103.50        
 4312.48896   -1.52549      -106.63        
 4315.41864   -1.47184      -109.63        
 4318.34832   -1.42755      -112.53        
 4321.278     -1.39172      -115.31        
 4324.20768   -1.36461      -118.00        
 4327.13736   -1.34639      -120.59        
 4330.06704   -1.33276      -123.08        
 4332.99672   -1.32573      -125.48        
 4335.9264    -1.32315      -127.81        
 4338.85608   -1.32592      -130.06        
 4341.78576   -1.33169      -132.24        
 4344.71544   -1.34237      -134.33        
 4347.64512   -1.35659      -136.36        
 4350.5748    -1.37288      -138.31        
 4353.50448   -1.39084      -140.20        
 4356.43416   -1.41069      -142.02        
 4359.36384   -1.43121      -143.78        
 4362.29352   -1.4538       -145.51        
 4365.2232    -1.47815      -147.18        
 4368.15288   -1.50349      -148.82        
 4371.08256   -1.53201      -150.40        
 4374.01224   -1.56011      -151.92        
 4376.94192   -1.58708      -153.41        
 4379.8716    -1.61322      -154.85        
 4382.80128   -1.6401       -156.27        
 4385.73096   -1.66539      -157.66        
 4388.66064   -1.69109      -159.02        
 4391.59032   -1.71764      -160.34        
 4394.52      -1.74654      -161.64        
 4397.44968   -1.77458      -162.91        
 4400.37936   -1.80304      -164.15        
 4403.30904   -1.83252      -165.37        
 4406.23872   -1.86278      -166.56        
 4409.1684    -1.89418      -167.73        
 4412.09808   -1.92428      -168.88        
 4415.02776   -1.954        -169.99        
 4417.95744   -1.98293      -171.10        
 4420.88712   -2.01137      -172.17        
 4423.8168    -2.03997      -173.23        
 4426.74648   -2.06986      -174.27        
 4429.67616   -2.0974       -175.29        
 4432.60584   -2.12481      -176.31        
 4435.53552   -2.15193      -177.29        
 4438.4652    -2.1793       -178.29        
 4441.39488   -2.20573      -179.26        
 4444.32456   -2.23364      179.78         
 4447.25424   -2.2576       178.82         
 4450.18392   -2.28509      177.86         
 4453.1136    -2.315        176.92         
 4456.04328   -2.3458       176.00         
 4458.97296   -2.37541      175.09         
 4461.90264   -2.40497      174.21         
 4464.83232   -2.43429      173.34         
 4467.762     -2.46477      172.49         
 4470.69168   -2.4887       171.65         
 4473.62136   -2.5156       170.80         
 4476.55104   -2.54274      169.97         
 4479.48072   -2.56933      169.16         
 4482.4104    -2.59299      168.37         
 4485.34008   -2.61089      167.58         
 4488.26976   -2.62847      166.77         
 4491.19944   -2.64673      165.94         
 4494.12912   -2.66872      165.10         
 4497.0588    -2.69553      164.26         
 4499.98848   -2.72471      163.46         
 4502.91816   -2.7539       162.69         
 4505.84784   -2.78212      161.94         
 4508.77752   -2.80881      161.22         
 4511.7072    -2.83386      160.53         
 4514.63688   -2.85351      159.85         
 4517.56656   -2.86721      159.17         
 4520.49624   -2.87811      158.47         
 4523.42592   -2.8886       157.74         
 4526.3556    -2.90087      157.02         
 4529.28528   -2.91195      156.31         
 4532.21496   -2.91884      155.59         
 4535.14464   -2.92445      154.87         
 4538.07432   -2.93028      154.13         
 4541.004     -2.93042      153.36         
 4543.93368   -2.93667      152.59         
 4546.86336   -2.94735      151.78         
 4549.79304   -2.96141      151.00         
 4552.72272   -2.9774       150.23         
 4555.6524    -2.9921       149.48         
 4558.58208   -3.00835      148.73         
 4561.51176   -3.02525      148.02         
 4564.44144   -3.04048      147.31         
 4567.37112   -3.05046      146.60         
 4570.3008    -3.06044      145.88         
 4573.23048   -3.06881      145.14         
 4576.16016   -3.07979      144.38         
 4579.08984   -3.09473      143.62         
 4582.01952   -3.11317      142.87         
 4584.9492    -3.13319      142.13         
 4587.87888   -3.1557       141.41         
 4590.80856   -3.17879      140.73         
 4593.73824   -3.1981       140.08         
 4596.66792   -3.21284      139.42         
 4599.5976    -3.2254       138.77         
 4602.52728   -3.23643      138.09         
 4605.45696   -3.24907      137.39         
 4608.38664   -3.26572      136.70         
 4611.31632   -3.28416      136.03         
 4614.246     -3.30284      135.38         
 4617.17568   -3.31666      134.74         
 4620.10536   -3.33184      134.10         
 4623.03504   -3.34716      133.46         
 4625.96472   -3.36284      132.83         
 4628.8944    -3.3751       132.23         
 4631.82408   -3.38351      131.59         
 4634.75376   -3.39398      130.92         
 4637.68344   -3.40934      130.26         
 4640.61312   -3.42646      129.62         
 4643.5428    -3.4437       129.01         
 4646.47248   -3.45775      128.41         
 4649.40216   -3.46857      127.81         
 4652.33184   -3.47988      127.21         
 4655.26152   -3.48752      126.60         
 4658.1912    -3.4941       125.99         
 4661.12088   -3.50062      125.37         
 4664.05056   -3.50963      124.73         
 4666.98024   -3.51878      124.13         
 4669.90992   -3.5261       123.49         
 4672.8396    -3.53257      122.89         
 4675.76928   -3.53722      122.33         
 4678.69896   -3.52909      121.74         
 4681.62864   -3.51951      121.11         
 4684.55832   -3.51298      120.43         
 4687.488     -3.50897      119.69         
 4690.41768   -3.51361      118.98         
 4693.34736   -3.52064      118.27         
 4696.27704   -3.53013      117.58         
 4699.20672   -3.53846      116.89         
 4702.1364    -3.54676      116.23         
 4705.06608   -3.55679      115.57         
 4707.99576   -3.56378      114.91         
 4710.92544   -3.57174      114.25         
 4713.85512   -3.57742      113.59         
 4716.7848    -3.58618      112.93         
 4719.71448   -3.59113      112.27         
 4722.64416   -3.59662      111.62         
 4725.57384   -3.59842      110.96         
 4728.50352   -3.5988       110.29         
 4731.4332    -3.59848      109.63         
 4734.36288   -3.59679      108.91         
 4737.29256   -3.60023      108.17         
 4740.22224   -3.60893      107.47         
 4743.15192   -3.61464      106.80         
 4746.0816    -3.61463      106.13         
 4749.01128   -3.61091      105.42         
 4751.94096   -3.6112       104.65         
 4754.87064   -3.62201      103.84         
 4757.80032   -3.64372      103.08         
 4760.73      -3.67245      102.38         
 4763.65968   -3.70019      101.76         
 4766.58936   -3.71772      101.20         
 4769.51904   -3.72382      100.66         
 4772.44872   -3.72148      100.05         
 4775.3784    -3.71783      99.38          
 4778.30808   -3.72209      98.65          
 4781.23776   -3.73209      97.92          
 4784.16744   -3.74855      97.22          
 4787.09712   -3.76672      96.55          
 4790.0268    -3.77937      95.91          
 4792.95648   -3.79065      95.28          
 4795.88616   -3.80157      94.64          
 4798.81584   -3.80915      93.98          
 4801.74552   -3.81625      93.31          
 4804.6752    -3.82366      92.60          
 4807.60488   -3.83771      91.86          
 4810.53456   -3.86151      91.15          
 4813.46424   -3.88475      90.47          
 4816.39392   -3.91019      89.82          
 4819.3236    -3.9373       89.21          
 4822.25328   -3.95435      88.63          
 4825.18296   -3.96637      88.05          
 4828.11264   -3.97351      87.45          
 4831.04232   -3.97888      86.81          
 4833.972     -3.98273      86.16          
 4836.90168   -3.98494      85.47          
 4839.83136   -3.98766      84.74          
 4842.76104   -3.99786      84.01          
 4845.69072   -4.01099      83.28          
 4848.6204    -4.02637      82.61          
 4851.55008   -4.03402      81.93          
 4854.47976   -4.04093      81.23          
 4857.40944   -4.04227      80.52          
 4860.33912   -4.04364      79.78          
 4863.2688    -4.04584      79.00          
 4866.19848   -4.05215      78.20          
 4869.12816   -4.06426      77.40          
 4872.05784   -4.07108      76.62          
 4874.98752   -4.07743      75.82          
 4877.9172    -4.08535      74.99          
 4880.84688   -4.09166      74.14          
 4883.77656   -4.10479      73.28          
 4886.70624   -4.11995      72.44          
 4889.63592   -4.13555      71.61          
 4892.5656    -4.1466       70.78          
 4895.49528   -4.15426      69.92          
 4898.42496   -4.16577      69.02          
 4901.35464   -4.18135      68.11          
 4904.28432   -4.20013      67.22          
 4907.214     -4.21875      66.34          
 4910.14368   -4.23698      65.46          
 4913.07336   -4.25433      64.60          
 4916.00304   -4.26962      63.74          
 4918.93272   -4.28234      62.86          
 4921.8624    -4.29575      61.95          
 4924.79208   -4.31338      61.01          
 4927.72176   -4.33115      60.10          
 4930.65144   -4.34969      59.17          
 4933.58112   -4.36974      58.24          
 4936.5108    -4.39113      57.27          
 4939.44048   -4.41193      56.30          
 4942.37016   -4.43489      55.30          
 4945.29984   -4.46343      54.27          
 4948.22952   -4.49484      53.22          
 4951.1592    -4.52799      52.18          
 4954.08888   -4.56498      51.10          
 4957.01856   -4.60685      50.01          
 4959.94824   -4.65493      48.89          
 4962.87792   -4.7085       47.81          
 4965.8076    -4.76096      46.75          
 4968.73728   -4.81107      45.68          
 4971.66696   -4.86454      44.59          
 4974.59664   -4.91431      43.45          
 4977.52632   -4.9716       42.27          
 4980.456     -5.03995      41.05          
 4983.38568   -5.11791      39.85          
 4986.31536   -5.19725      38.68          
 4989.24504   -5.27758      37.49          
 4992.17472   -5.36044      36.32          
 4995.1044    -5.44182      35.09          
 4998.03408   -5.52966      33.81          
 5000.96376   -5.62807      32.46          
 5003.89344   -5.74267      31.10          
 5006.82312   -5.87152      29.78          
 5009.7528    -6.00339      28.55          
 5012.68248   -6.12426      27.33          
 5015.61216   -6.23974      26.01          
 5018.54184   -6.36049      24.59          
 5021.47152   -6.49867      23.10          
 5024.4012    -6.64627      21.62          
 5027.33088   -6.79767      20.12          
 5030.26056   -6.9469       18.57          
 5033.19024   -7.09916      16.90          
 5036.11992   -7.26208      15.12          
 5039.0496    -7.43995      13.24          
 5041.97928   -7.63644      11.20          
 5044.90896   -7.85889      9.05           
 5047.83864   -8.11367      6.84           
 5050.76832   -8.38892      4.59           
 5053.698     -8.68343      2.28           
 5056.62768   -8.99527      -0.17          
 5059.55736   -9.33388      -2.78          
 5062.48704   -9.70233      -5.60          
 5065.41672   -10.10648     -8.66          
 5068.3464    -10.55527     -12.01         
 5071.27608   -11.05985     -15.67         
 5074.20576   -11.64035     -19.66         
 5077.13544   -12.28323     -23.94         
 5080.06512   -12.97526     -28.71         
 5082.9948    -13.72436     -34.19         
 5085.92448   -14.5434      -40.77         
 5088.85416   -15.45786     -48.74         
 5091.78384   -16.43714     -58.40         
 5094.71352   -17.40813     -70.20         
 5097.6432    -18.20804     -84.62         
 5100.57288   -18.63346     -101.64        
 5103.50256   -18.49792     -119.95        
 5106.43224   -17.79641     -137.43        
 5109.36192   -16.70085     -152.61        
 5112.2916    -15.44545     -165.29        
 5115.22128   -14.19032     -175.78        
 5118.15096   -12.99909     175.45         
 5121.08064   -11.89413     167.89         
 5124.01032   -10.87707     161.30         
 5126.94      -9.95215      155.34         
 5129.86968   -9.1094       149.90         
 5132.79936   -8.33885      144.81         
 5135.72904   -7.63749      140.03         
 5138.65872   -7.00056      135.48         
 5141.5884    -6.42169      131.12         
 5144.51808   -5.8974       126.93         
 5147.44776   -5.42241      122.90         
 5150.37744   -4.99384      119.04         
 5153.30712   -4.60566      115.32         
 5156.2368    -4.25341      111.72         
 5159.16648   -3.93431      108.26         
 5162.09616   -3.64514      104.94         
 5165.02584   -3.3836       101.71         
 5167.95552   -3.15057      98.60          
 5170.8852    -2.93847      95.60          
 5173.81488   -2.74777      92.69          
 5176.74456   -2.57756      89.88          
 5179.67424   -2.42455      87.14          
 5182.60392   -2.28526      84.51          
 5185.5336    -2.15977      81.94          
 5188.46328   -2.04671      79.47          
 5191.39296   -1.94235      77.09          
 5194.32264   -1.84971      74.78          
 5197.25232   -1.76311      72.54          
 5200.182     -1.68392      70.37          
 5203.11168   -1.61263      68.26          
 5206.04136   -1.54679      66.21          
 5208.97104   -1.489        64.22          
 5211.90072   -1.43577      62.29          
 5214.8304    -1.38696      60.40          
 5217.76008   -1.34366      58.57          
 5220.68976   -1.30376      56.78          
 5223.61944   -1.26702      55.03          
 5226.54912   -1.23208      53.31          
 5229.4788    -1.20273      51.63          
 5232.40848   -1.17572      50.00          
 5235.33816   -1.15046      48.39          
 5238.26784   -1.12815      46.80          
 5241.19752   -1.11141      45.27          
 5244.1272    -1.09463      43.76          
 5247.05688   -1.07888      42.27          
 5249.98656   -1.06821      40.81          
 5252.91624   -1.0564       39.38          
 5255.84592   -1.04648      37.98          
 5258.7756    -1.03616      36.59          
 5261.70528   -1.02669      35.23          
 5264.63496   -1.0197       33.89          
 5267.56464   -1.01242      32.57          
 5270.49432   -1.00421      31.26          
 5273.424     -0.99676      29.98          
 5276.35368   -0.98772      28.72          
 5279.28336   -0.97857      27.44          
 5282.21304   -0.96996      26.18          
 5285.14272   -0.96411      24.93          
 5288.0724    -0.9605       23.68          
 5291.00208   -0.95784      22.45          
 5293.93176   -0.95539      21.24          
 5296.86144   -0.95286      20.04          
 5299.79112   -0.94934      18.86          
 5302.7208    -0.94513      17.66          
 5305.65048   -0.94283      16.48          
 5308.58016   -0.94612      15.29          
 5311.50984   -0.95019      14.12          
 5314.43952   -0.95455      12.98          
 5317.3692    -0.95819      11.87          
 5320.29888   -0.95892      10.76          
 5323.22856   -0.9554       9.64           
 5326.15824   -0.95175      8.51           
 5329.08792   -0.94959      7.37           
 5332.0176    -0.94881      6.20           
 5334.94728   -0.95157      5.06           
 5337.87696   -0.95671      3.93           
 5340.80664   -0.96018      2.82           
 5343.73632   -0.96244      1.71           
 5346.666     -0.96691      0.61           
 5349.59568   -0.97262      -0.47          
 5352.52536   -0.97822      -1.55          
 5355.45504   -0.98309      -2.61          
 5358.38472   -0.9916       -3.67          
 5361.3144    -0.99719      -4.72          
 5364.24408   -1.0035       -5.76          
 5367.17376   -1.00966      -6.80          
 5370.10344   -1.01943      -7.82          
 5373.03312   -1.02716      -8.83          
 5375.9628    -1.0317       -9.81          
 5378.89248   -1.03776      -10.80         
 5381.82216   -1.03855      -11.80         
 5384.75184   -1.04054      -12.81         
 5387.68152   -1.04638      -13.84         
 5390.6112    -1.05526      -14.86         
 5393.54088   -1.06159      -15.89         
 5396.47056   -1.07002      -16.88         
 5399.40024   -1.07758      -17.88         
 5402.32992   -1.08657      -18.89         
 5405.2596    -1.09408      -19.90         
 5408.18928   -1.10318      -20.90         
 5411.11896   -1.10915      -21.88         
 5414.04864   -1.11529      -22.85         
 5416.97832   -1.11866      -23.82         
 5419.908     -1.12195      -24.82         
 5422.83768   -1.12399      -25.82         
 5425.76736   -1.129        -26.85         
 5428.69704   -1.13537      -27.86         
 5431.62672   -1.14274      -28.87         
 5434.5564    -1.15231      -29.89         
 5437.48608   -1.16237      -30.89         
 5440.41576   -1.17019      -31.88         
 5443.34544   -1.17849      -32.88         
 5446.27512   -1.18513      -33.89         
 5449.2048    -1.19463      -34.89         
 5452.13448   -1.20442      -35.89         
 5455.06416   -1.21425      -36.88         
 5457.99384   -1.22211      -37.87         
 5460.92352   -1.23148      -38.84         
 5463.8532    -1.23841      -39.81         
 5466.78288   -1.24343      -40.78         
 5469.71256   -1.24771      -41.77         
 5472.64224   -1.25182      -42.76         
 5475.57192   -1.25889      -43.76         
 5478.5016    -1.26353      -44.74         
 5481.43128   -1.26973      -45.73         
 5484.36096   -1.27632      -46.73         
 5487.29064   -1.2838       -47.71         
 5490.22032   -1.29185      -48.69         
 5493.15      -1.29881      -49.68         
 5496.07968   -1.30603      -50.64         
 5499.00936   -1.31165      -51.60         
 5501.93904   -1.3175       -52.59         
 5504.86872   -1.32344      -53.55         
 5507.7984    -1.32871      -54.52         
 5510.72808   -1.33505      -55.50         
 5513.65776   -1.3431       -56.45         
 5516.58744   -1.34422      -57.40         
 5519.51712   -1.34487      -58.35         
 5522.4468    -1.34552      -59.31         
 5525.37648   -1.34362      -60.31         
 5528.30616   -1.3479       -61.31         
 5531.23584   -1.3523       -62.33         
 5534.16552   -1.36065      -63.36         
 5537.0952    -1.37399      -64.36         
 5540.02488   -1.38996      -65.33         
 5542.95456   -1.4014       -66.25         
 5545.88424   -1.4124       -67.20         
 5548.81392   -1.42328      -68.16         
 5551.7436    -1.43352      -69.10         
 5554.67328   -1.44316      -70.08         
 5557.60296   -1.45642      -71.07         
 5560.53264   -1.47371      -72.06         
 5563.46232   -1.49349      -73.03         
 5566.392     -1.51222      -73.98         
 5569.32168   -1.53405      -74.91         
 5572.25136   -1.55041      -75.85         
 5575.18104   -1.56469      -76.78         
 5578.11072   -1.58324      -77.72         
 5581.0404    -1.59743      -78.65         
 5583.97008   -1.61369      -79.56         
 5586.89976   -1.62538      -80.47         
 5589.82944   -1.63726      -81.40         
 5592.75912   -1.64856      -82.34         
 5595.6888    -1.66382      -83.27         
 5598.61848   -1.67969      -84.22         
 5601.54816   -1.69823      -85.14         
 5604.47784   -1.71608      -86.04         
 5607.40752   -1.73454      -86.92         
 5610.3372    -1.75064      -87.80         
 5613.26688   -1.7629       -88.67         
 5616.19656   -1.77292      -89.56         
 5619.12624   -1.7861       -90.45         
 5622.05592   -1.79972      -91.38         
 5624.9856    -1.81636      -92.29         
 5627.91528   -1.83381      -93.17         
 5630.84496   -1.84685      -94.04         
 5633.77464   -1.85772      -94.90         
 5636.70432   -1.86612      -95.80         
 5639.634     -1.87515      -96.71         
 5642.56368   -1.8867       -97.64         
 5645.49336   -1.89936      -98.57         
 5648.42304   -1.91674      -99.47         
 5651.35272   -1.93137      -100.38        
 5654.2824    -1.94823      -101.26        
 5657.21208   -1.96088      -102.12        
 5660.14176   -1.97153      -102.98        
 5663.07144   -1.98012      -103.85        
 5666.00112   -1.9889       -104.73        
 5668.9308    -2.00053      -105.61        
 5671.86048   -2.00909      -106.48        
 5674.79016   -2.01406      -107.36        
 5677.71984   -2.01855      -108.24        
 5680.64952   -2.02613      -109.13        
 5683.5792    -2.03351      -110.04        
 5686.50888   -2.04599      -110.97        
 5689.43856   -2.05841      -111.85        
 5692.36824   -2.07333      -112.76        
 5695.29792   -2.08536      -113.62        
 5698.2276    -2.09563      -114.51        
 5701.15728   -2.10204      -115.39        
 5704.08696   -2.11002      -116.31        
 5707.01664   -2.1194       -117.21        
 5709.94632   -2.12642      -118.14        
 5712.876     -2.13446      -119.08        
 5715.80568   -2.14705      -120.02        
 5718.73536   -2.15942      -120.95        
 5721.66504   -2.17436      -121.87        
 5724.59472   -2.18845      -122.80        
 5727.5244    -2.20731      -123.73        
 5730.45408   -2.22426      -124.62        
 5733.38376   -2.24003      -125.48        
 5736.31344   -2.25317      -126.35        
 5739.24312   -2.26354      -127.23        
 5742.1728    -2.27279      -128.11        
 5745.10248   -2.28459      -129.00        
 5748.03216   -2.2976       -129.90        
 5750.96184   -2.31095      -130.77        
 5753.89152   -2.32473      -131.64        
 5756.8212    -2.33822      -132.52        
 5759.75088   -2.34974      -133.38        
 5762.68056   -2.36024      -134.26        
 5765.61024   -2.3713       -135.15        
 5768.53992   -2.38265      -136.06        
 5771.4696    -2.39645      -136.93        
 5774.39928   -2.41167      -137.82        
 5777.32896   -2.42415      -138.71        
 5780.25864   -2.4395       -139.58        
 5783.18832   -2.45217      -140.47        
 5786.118     -2.46351      -141.33        
 5789.04768   -2.47348      -142.20        
 5791.97736   -2.48274      -143.09        
 5794.90704   -2.49196      -144.00        
 5797.83672   -2.50517      -144.91        
 5800.7664    -2.52031      -145.80        
 5803.69608   -2.53834      -146.67        
 5806.62576   -2.55422      -147.51        
 5809.55544   -2.56609      -148.33        
 5812.48512   -2.57629      -149.16        
 5815.4148    -2.58402      -150.00        
 5818.34448   -2.59123      -150.83        
 5821.27416   -2.59825      -151.66        
 5824.20384   -2.60922      -152.50        
 5827.13352   -2.61835      -153.32        
 5830.0632    -2.62688      -154.14        
 5832.99288   -2.6317       -154.95        
 5835.92256   -2.63549      -155.79        
 5838.85224   -2.63495      -156.63        
 5841.78192   -2.63908      -157.55        
 5844.7116    -2.64683      -158.45        
 5847.64128   -2.65873      -159.33        
 5850.57096   -2.66996      -160.22        
 5853.50064   -2.68105      -161.08        
 5856.43032   -2.69253      -161.96        
 5859.36      -2.69983      -162.83        
 5862.28968   -2.70902      -163.71        
 5865.21936   -2.71895      -164.59        
 5868.14904   -2.72997      -165.49        
 5871.07872   -2.74541      -166.35        
 5874.0084    -2.75691      -167.20        
 5876.93808   -2.76734      -168.03        
 5879.86776   -2.77589      -168.86        
 5882.79744   -2.78254      -169.70        
 5885.72712   -2.78891      -170.56        
 5888.6568    -2.79677      -171.42        
 5891.58648   -2.80476      -172.30        
 5894.51616   -2.81401      -173.18        
 5897.44584   -2.82873      -174.07        
 5900.37552   -2.84682      -174.94        
 5903.3052    -2.86268      -175.78        
 5906.23488   -2.87612      -176.61        
 5909.16456   -2.89145      -177.44        
 5912.09424   -2.90229      -178.29        
 5915.02392   -2.91309      -179.13        
 5917.9536    -2.92424      -179.97        
 5920.88328   -2.93415      179.14         
 5923.81296   -2.94545      178.29         
 5926.74264   -2.95769      177.42         
 5929.67232   -2.96868      176.54         
 5932.602     -2.97772      175.68         
 5935.53168   -2.98565      174.80         
 5938.46136   -2.98896      173.93         
 5941.39104   -2.99235      173.03         
 5944.32072   -2.99807      172.12         
 5947.2504    -3.00264      171.18         
 5950.18008   -3.01065      170.24         
 5953.10976   -3.02198      169.28         
 5956.03944   -3.03639      168.34         
 5958.96912   -3.05373      167.40         
 5961.8988    -3.07316      166.48         
 5964.82848   -3.08992      165.55         
 5967.75816   -3.10617      164.61         
 5970.68784   -3.12392      163.68         
 5973.61752   -3.13962      162.74         
 5976.5472    -3.15605      161.78         
 5979.47688   -3.17501      160.82         
 5982.40656   -3.19367      159.86         
 5985.33624   -3.2135       158.89         
 5988.26592   -3.23336      157.93         
 5991.1956    -3.25446      156.96         
 5994.12528   -3.27542      155.99         
 5997.05496   -3.29612      155.00         
 5999.98464   -3.31477      154.01         
